"영화","설정","억지","그것","배우","중심","류","류승룡","승","룡","천만","천만영화","영화","실체","배우","간의","앙상블","작위적","평면","평면적인","적인","스토리","후반부","신파극","수","눈물","천만","천만관객","관객","배우","힘","열기구","연기","장난","예승","감옥","설정","조금","억지","영화","특유","느낌","류","류승룡씨","승","룡","씨","명연기","점","한국","한국영화","눈물","상업","상업영화","한계","보","기분","영화","공권력","수장","딸","이유","증거","소용","재판","재판전","전","피의","피해자","피해자측","측","사람","거","자체","뻥","국선","국선변호사","변호사","쓰레기","과대평가","영화","대표적","예","사랑","가족","테마","작위적","감동","인위적","슬픔","남발","공권력","무릎","무력","기분","뭐","순수","슬픔","과도","설정","사건","배우","연기력","찬사","영화","작품","듯","40","40대","대","딸","딸아이","아이","데","혼자","폭풍","눈물","완전","산적","너","뮤","눈물","내기","영화","개연성","무시","억지","억지감성팔","감성","팔","눈물","눈물강요","강요","게다","범죄","범죄미화","미화","배우","영화","천만","으","초반","박","박신혜","신","혜","법정","법정씬","씬","영화","해피엔딩","새","엔딩","평점","영화","거","재미","감동","거","점수","이해","현실성","억지","개","개솔","솔","영화","여자","백만장자","렐","렐라","라","인생","인생역전","역전","말","눈물","웃음","동시","강요","감정","사람","가슴","우려","감동","선사","수","영화","처음","판지","현실","현실적인설정","적인","설정","열기구","장면","판타지","돌변","몰입","듯","저","마지막","억지","개인적","7","억지","기대","이하","류","류승룡씨","승","룡","씨","연기","연기변신","변신","저","볼려","눈물","장면","평","부정적","전","현실성","결여됬지","부녀간","사랑","감동","영화","기대","이하","눈물","영화","인기","영화","영화중","중","감성","감성팔","팔","내용","분위기","한국인","겐","무작정","평점","법","자의","우리","우리나라","나라","현실","나","이것","장난","장난하나","하나","연기력","내용","완전","바보","바보멍충이똥개해삼","멍충이","똥개","해삼","말미잘","수준","이하","스토리","텔링","감동","눈물","코드","넨","영화","정말","이젠","상업적","면","영화","설정","배우","연기","억지","눈물","감동","강요","구걸","짝","감상","감상평","평","당신","타인","리모컨","조종","가지","주제","표현","류","류승룡","승","룡","박","혜의","연","딸","아버지","감동","10","10배","배","개연성","스토리","경찰","반감","범죄자","미화","사형","폐지","주장","좌파","감성","감성팔","팔","선동","류","류승룡","승","룡","연기력","1","1점추가","점","추가","작위적","감동","진부","스크린","과점","관객","관객수","수","영화","예승","하나","하나둘셋","둘","셋","용구","아빠","거","ㅈ","기대","하다","천만","감성","감성팔","팔","현실성","판타지","판타지영화","영화","아이","4","4점","점","경찰청장","경찰청장때문","때문","딸","무죄","무죄판결","판결","이것","우리","우리나라","우리나라현실","나라","현실","사람","누명","누명쒸우","쒸","우","사람","당신","들","현","현실적","실적","영화","리포터","영화관","바닥","침","중간","부녀간","사랑","커다람으","주위","행복","전파","감독","의도","숀","숀펜","펜","류","류승룡","승","룡","개","개허접전개","허","접전","아버지","생각","하","눈물","감사","고","느낌","처음","나름","흥미","봄","배우","연기력","칭찬","스토리","스토리전개","전개","기대","기대이하","이하","지적","장애인","아픔","박","혜의","연기","전","일품","출연","출연장면","장면","몰입","류승룡","기력","그것","천만","말","번","감동","여운","영화","출연","출연배우","배우","하나","연기","연기구멍","구멍","작품","다소간","식상","연기력","보완","그","천만","천만이상","이상","관객","이때","설날","특선","특선영화","영화","이리","감동","줄","배우","배우분","분","연기","주","주조연","조연","하모니","딸","부모","수","영화","작","예승","소원","사랑","박신혜","연기파","배우","연기","눈물","부녀","상황","가슴","감동적","영화","거","ㅋ","보고","배우","연기","사람","평가","최고","바보","바보아빠","아빠","재판정","성장","딸","눈","하늘","장면","영화","때","기억","꺼","나","여운","세일러","세일러문","문","소재","듯","노래","ㅜ","이것","1200","1200만이","만이","돌파","이해","개연성","사실성","감성","의존","3","3류졸작","류","졸작","개","주제","주제설정","설정","부성애","류승룡","정","실현","박","혜가","담당","보편적","시의","배우","호연","공감","배가","작품","억지","눈물","폭탄","영화","옆","사람","감동","떡밥","라","1","1년","년","전","영화관","오늘","설","특집","눈물","신파극","과장","스토리","지적","분","뭐","말씀","안","저","감명","류","류승룡","승","룡","박","박신혜","신","혜","정","정진영","진영","등","명품","배우","명연기","신화","출연자","출연자분","분","모두","연기","배우","나이","마음","약해","오랜만","ㅠ","최고","최고당","당","배우","연기","영화","예술과","창작","영역","성보","감성","머리","담","마음","눈","감동적","배우","호연","하늘","여배우","회상","회상장면","장면","쇼","쇼생크탈출","생크","탈출","탈옥","탈옥후","후","개천","억지","감","감동의","동의","끝판","끝판왕","왕","눈물","본영","이것","졸작","사람","영화","재","재밋고","밋","고","감동적","ㅠ","류","류승룡","승","룡","박","박신혜","신","혜","소원","소원등","등","배우","배우분","분","연기","현실성","실망","인공","인공호흡","호흡","성폭행","착각","수","나도","누군가","살릴려","하면","성범죄","열기구","나","장면","지기","누명","수","상황","극복","예측","중요","복선","생각","한국","한국영화","영화","설정","개연성","막장","간","무시","연기","만","몰입","감동적","인정","관객","관객수준","수준","지","이전","이전뮨가인","뮨","가인","모든","모든걸판단","걸","판단","한국","한국영화수준","영화","놈","나라","사회악","사회악버러지","버러지","만사","부정적","색","류승룡","담당","부성애","박","혜가","왜곡","진실","역","역활","활","작품","연기력","명","명불허전이","불허","전이","평점","1","1점","점","억지","신파극","6","6점","정도","이때","한국","가족","가족영화","영화","화가","화가나기","나기","거","나","구","가슴","영화","구구절절","구절","절","편","게","지네","지네감독","감독","라","평점","억지","억지눈물","눈물","말","반대","때","오열","이","영화","만큼","자연","영화","작위적","신파","악","악플","플","분","스토리","1972","1972년","년","실제","사건","모티브","정","정목사","목사","당시","정권","강압","강압수사","수사","고문","강제","자백","증거","증거조작등","조작","등","사연","정확","배경","배경스토리","영화","니","소재","장애인","말","주변","적","아이","아이엠샘","엠","샘","제대","기","영화","억지","눈물","류","류승룡","승","룡","연기력","감탄","배우","정의","이름","아빠","용서","토","으","하면서","가족","맥주","컵","한잔","거","전","원래","감수성","변호인","남녀노소","죽기","죽기전","마지막","ㅠ","무엇","봣","여","여김","김","눈물","류","류승룡씨","승","룡","씨","연기","중간","중간중간","깨알","깨알재미","재미","대박","대박영화","영화","감동적","눈물","전","초반","ㅠ","여운","포스터","눈물","류","류승룡씨","승","룡","씨","연기","최고","감동적","ㅜ","눈물","배우","한명","명","명품","명품연기","연기","배우","연기","배우","연기","정말","최고","나","내용","중간","슬퍼","끝","끝부분","부분","영화","배우","배우분","분","정말","정말연기","연기","거","영화","영화진심","진심","개","개감동적","감동적","경찰청장","감옥","감옥안","안","사람","진짜","류","류승용딸","승용","딸","인기","이유","ㅠ","눈물","연기","신파","절","영화","결말","울음","장치","계속","차","듯","스토리","고증","개연성","코믹","조금","있음","식","억지","영화","지금","때","마음","불편","불편하다","하다","장애","강요","딸","이용","증거","무시","변호사","놈","무죄","아무것","우리","우리나라","나라","영화","억지","신파","제목","선견","선견지명","지명","소름","전형적","쓰레기","한국","한국영화","영화","생각","생각배우","배우","장애인","덤","소원","소원연기","연기","최고","배우","연기최고","이것","천","영화","영화라니","라니","천만","천만관객","관객","발","의문","한국","한국영화","영화","수준","애가","교도소","판타지","판타지영화","전","머리","신파","전형","영화","ㅎ","감동적","ㅎ한국영화","한국","영화","중","최고","감동","여운","눈물","때","감동적","부모님","한잔","명","울음","유일한","영화","정도","말","듯","슬프자","예승","나","사람","생각","배우","연기","영화","최고","천","영화","이","공대","공대출신","출신","법학","법학과목","과목","교양","교양필수","필수","참고","법치","법치국가","국가","형법","형법심신미약자","심신","미약자","자폐아","형벌","부과","이것","이외","어안","재미","감동","신파극","편이","코믹","부분","줄","영화","감독","전달","메세지","단순","배우","열연","영화","감동적","영화","영화","만듬","감동적","감동적임","임","류","류승룡","승","룡","연기","예승","선생님","선생님박신혜","박","신","혜","내","영화","류","류승룡","승","룡","소원","박","박신혜","신","혜","등","주","조연","출연자","연기력","남","억지스러웟네","오늘","평점","나","검색","줄","아파트","혼자","개","데","것중","중","하나","감동","졸작","배","연기","열기구","개연성","부분","영화","내가","영화","삼촌","신","이것","장난","뒷부분","감동","딸","대박","개봉","개봉당시","당시","유명","유명마한","마한","7","7번방의선물","번","방의","선물","명절날","가족","영화","감동","도가니","도가니탕","탕","어린","어린예승","예승","변호사","아버지","아버지죄","죄","멋","멋진영","진영","수사","제대","하자","평점","예승","연기","연기굿","굿","류","류승룡씨","승","룡","씨","군","복귀","전","10","두말","감동","밑","분","부정적","부정적인분","인분","내","눈물","9","9점줌","점","줌","영화","돈","돈내고","내고","볼","볼가치","가치","있음","영화","연기","열기구","거","일","수","나간","나간더","더","뭐","거지","나","뻔","스토리","구","사람","거","속","감동","있찌","본인","인생","마찬가지","그것","울","영화","굿","연기","감동","평점","평점등록","등록","아무","영화관","오늘","연휴","그때","거","번","가족","영화","중함","수","마지막","박신혜컷으","신","감동","거기","박신혜","왜케","아름","거","번","영화","배우","연기","일품","엇네","인생","영화","아빠","배우","연기력","10","10점","점","넘","재미","후반","감동","폭풍","애처","현실","비합리","모습","아빠","딸","영화","연","연기자","기자","연기","갑","이지만","오늘","이것","영화관","후회","엏","엏음","음","10","10점","점","만점","감동","예","습","배우","연기","정말","최고","스토리","느낌","그거","막판","울음","울음ㅠ","ㅠ","극장가","거랑","차이","분위기","던","뭐이것저것","이거","극장","건조증","인상","인상깊엇","깊엇","영화","기만","뿐","티비","개","오늘","설날","설날특선영화","특선","영화","눈물","폭풍","폭풍오열","오열","영화","눈","감동","기억","영화","나","거울","눈","옷소매","눈물","감동적","감동적","배우","연기","좋앗","운","처음","배우","힘","감동적","아빠","왤","비관적","시지","나","최고","진짜","영화","생각","봣","데","감동","줄","부분","사랑","딸","사형","마지막","눈물","편","감동적","장애인","생","생개도","개도","경찰","대","듯","영화","진심","짱","잼","잼난디","난","디","ㅈ","슬픔","감성적","보","보셈","셈","감정","입","노","노잼임","잼","임","ㅇ","ㅇㅇ","5","5번","번","때","ㅠ","억지","울음","거","순수","10","10점","점","감동","비현","비현실적","실적","매도","우리","사회","외압","존재","수","단언","우리","청정","예승","담임","ㅇ","ㅇㅇ","짱","신파","신파영화","영화","교과서","영화관","배우","연기력","감탄","과대평가","영화","끝","감성","이로","예승","신파극","극치","감성","이의","전형적","예","한국","영화","식","토","지경","이래","느낌","열","열번","번","눈물","세상","내","영화","나","열연","내","속","수","희대","명작","신파극","새","엔딩","별","ㅜ","마지막","뺨","협박","물거품","전개","억지","기분","감동적","사람","마음","이해","감정","장애인","희화화","맨발","기봉","투","투탑","탑","감독","각본","배우","장애","태도","생각","년","전","아이","아이엠샘","엠","샘","한국","장애유형","유형","톤","교본","장면","때","지","최고","영화","연기","연기","감동","눈물","콧물","짯","영","영환","환","처음","설정","현실","현실드립","드립","애","다큐멘터리","내가","안","영화","영화중","중","하나","작품","단정","감동적","감동적인건","인건","수","ㅠ","세일러","세일러문","문","ㄲㅋ","ㄲㅋ박신혜","박","신","혜","짱","열기구","부분","감동","나름","뜻","거","개","개감동영화","영화","뇌","느낌","아역","아역배우","배우","소원","소원양","양","류승룡","수","보","눈물","영화","감정","감정이입","이입","오랜만","영","세월","세월호","호","경찰청장","딸","배우","연기력","캐릭터","캐릭터몰입","몰입","힘","자","자의","현실","거","감동","본영","진짜","평점","오","오바다","바다","설","설정도","정도","스토리","말","억지","억지눈물","눈물","졸작","졸작영화","영화","판타지","수준","개연성","때문","거북","영화","연","연기력","기력","소재","굿","외","인정","스토리","전개","감독","씬","배열","동시","한국인","정서","어필","부분","명작","여","여ㅜ","ㅜ","카리스마","류승룡","이번","모습","박","박신혜","신","혜","양","연기","저","마음","억지","억지감동","감동","신파","끝판","끝판대장","대장","개봉","개봉당시","당시","나","영화","내가","이상","사람","줄","재평가","서","속","열기구","외","데","류승룡","소원","연기","ㅠ","정의","이름","심판","날","눈물","고","신파극","연기","천만","정도","듯","흠","다","사람","딸","억지","대한","대한민국","민국","현실","국회의원","아들","뭐","경찰","경찰총장","총장","쉴드","류","류승룡","승","룡","류진노","진노","겐","겐오","오","라","억지","눈물","아이","아이엠","엠","샘","칸","경우","바보","영화","평","천만","재수","댓","댓글","글","때문","눈","눈쌀","쌀","지네","영화","ㅠ","별","놈","감성","냉혈","장담","수","진심","줄거리","스토리","자체","중요","배우","연기","과정","객관적","시점","관객","감정","감정공유","공유","영화","마음","적","처음","내생","최고","류","류승룡씨","승","룡","씨","감사","이것","실화","니","억지","억지눈물빼기","눈물","빼기","시초","감성","감성팔","팔","설정","감동","감동임","임","사법","사법살인","살인","부성애","핵심","관통","10","10점","점","만점","하모니","하모니만큼","만큼","명","명량","량","악","바","영화","눈물","감동","영화","댓","댓글","글","부정적","오블","오블리","리","비언","스파이","스파이더맨","더","맨","현실성","개인적","눈","동화","스토리","자체","배우","연기력","전반적","감동적","열기구","눈물","감동","영화","처음","평점","리뷰","배우","연기","즐거움","한번","수","수있엇","있엇","면","밖","생각","생각안","안","나","여","작품","저","경창","경창철장","철장","권력","직권","남용","굿","굿굿굿굿","최고","최고감동","감동","몰입","배우","연기","감탄","영화","이제","이제봣","봣","다큐","영화","뭐","이것","억지","가짜","아이언","아이언맨","맨","현","현실적","실적","수","거","열기구","장애","아버지","딸","순수","현실","사실","공권력","의해","증거","묵살","영화","편","시민","설정","현실","일","마지막","연","연기자","기자","빈약","스토리","라인","설정","커버","배우","연기력","덕분","완성","영화","영화","평론가","액션","액션영화","화려","말","배우","연기","스토리","뻔","감동","영화","영화중","중","솔","현실감","박","박신혜","신","혜","마지막","부분","감동","애","애절하","절하","하모니","현실","영화","스토리","기승","기승전결","전결","나","가슴","데","점수","가슴","이야기","현실","사람","사형","전","마지막","마지막인사","인사","장면","전문가","뭐","평가","행복","슬픔","슬픔기도","기도","인상","영화","예","예승아","승아","아이","아이엠","엠","샘","감동적","때","영화","추천","오늘","눈물","미국","영화관","다행","덩치","남자","남자아이","아이","우","장면","보일","보일뻔","뻔","감성","마니","자극","힐링","예승","아빠","딸","질","우리","우리나라","나라","자기","마음","마음데로","데로","영화","가야","평점","한데","정도","수","나","굿","아역","귀","귀엽넹","엽","넹","요즘","출생","비밀","예승","슬픔","재","재밋","밋","음","10","10점","점","이상","점수","수","만큼","재미","재미있음","있음","마지막","마지막인상적","인상적","마지막","영화","영화중","중","최","억지","억지스토리","스토리","억지감동","감동","뭐","스토리","영화","근년","근년작품","작품","중","최고","내용","눈물","영화","뻔","내용때문","때문","류","류승룡배우","승","룡","배우","연기","하나","하나만","만","참고","이동진","평론가","존경","이유","사형","고","이","영화","이유","뭐","임","감독","강간범","감정","엇냐","재미","마지막","장면","유아","수준","수준낮","낮","마무리","별","반개","오랜만","명작","코미디","감동","조화","영화","휴","뭐","이것","ㄷ","ㄷㄷ","눈물","영화","이거","아무것","평점","거","이해","혹평","사람","무엇","아기","용","아빠","현실성","뭐","영화","마음","내용","내용전개","전개","뻔","구성","배우","연기력","모든","모든걸","걸","배우","연","연가","최고","감동","영화","현실성","거","현실","운운","뭐","저스","스타워즈","스타워즈영구","영구","땡칠이","내가","호소","영화","처음","사랑과","진실성","배꼽","감동","코믹","코믹영화","예승","성장","변호","장면","오버랩","억","억즈ㅏ감농","즈ㅏ","감농","노","노잼","잼","기만","모","모ㅕㅏㅂ호","ㅕㅏ","ㅂ","호","감동적","평론가","평점","이성","일반인","감성","나","영화","이","본적","10","10점","점","자극","말","필요","감동","슬픔","조장","종일","ㅠ","영화","강","강추요","추요","호불호","영화","완벽","소원","소원양의","양의","연기","아버지","사랑","이것","나의","눈물","수","나","자신","반성","마음","류","류승룡","승","룡","얼굴","눈물","서","뒷부분","판타지","뭐","생각","겨를","마지막","이것","사람","감정","사하라","사막","오늘","처음","이것","사람","현실","배우","연기","권력","힘","비판","내용","이것","현실","진짜","연기","능","감동적","딸","사랑","아버지","모습","마음","영화","진","감동적","영화","가족","중함","알바","점수","조정","조정중","중","우리","나라","영화","발전","1","1점","점","억지","억지설정","설정","작위적","과장","연기","발","신파극","눈물","내서","돈","애","ㅉ","ㅉㅉ","달수","달수형님","형님","7","7번방의","번","방의","선물","2","아이","아이엠샘","엠","샘","마음","자연","감동","눈물","영화","배우","배우덕","덕","산","산영화스토리똥","영화","스토리","똥","망","배우","영화","한국","흥행","흥행영화","영화","현주소","듯","자체","완성도","전형적","감동","감동코드","코드","주고","배우","배우빨","빨","커버","취양","하지","한국","영화","신파","늪","번째","문제작","끝","말","말안","안","기자","기자평론가","평론가","리뷰","사람","절반","절반이상","이상","영화계","영향력","극한","극한직업","직업","이것","과대평가","개봉","개봉타이밍","타이밍","개오","개오짐","짐","관객","관객수나","수나","평점","참","수","이래","한국","영화","가치","영화","영화평점","평점","1","1점","점","5","5점대","대","영화","역","역사상","사상","최악","쓰레기","작품","개연성","논리","시나리오","가루","신파","있음","열기구","교도소","철조망","감독","대신","내","얼굴","영","천만","영화","중","작품","이거","임","이것","천만","미스","미스테리","테리","지금쯤","개봉","평정","평정테러","테러","터","시대","처음","때","급식","ㅈ","ㅈ노잼","노","잼","교도소","애가","잠입","자체","비현","비현실적","실적","나","영화","왜케","평점","이해","안됨","영화","뭐","불만","눈물","영화","비판","류승룡","아역","소원","소원양의","양의","연기","최고","사람","보라","수","ㅋ","감동적","제가","영화","한줄기","희망","목숨","하","감동적","연기력","배우","동심","동심파괴","파괴","개","개빡","빡","여기","영화","영화뻔하다","뻔","하다","천만","고","평점","사람","때","단순","감정적","감동","그","칭찬","내용","거","무엇","진짜","진짜사람","내","자폐","주인공","이용","희화화","후","사법","사법살인","살인","마무리","영화","감정","지속","이유","법적","금지","ㅆ","레","레기영","기영","신파","해","토","우리","우리나라","나라","관객","다수","신파","국","국뽕","뽕","영화","이","1000","평점","이동진","평론가","말","공감","영화","흥행","사실","대한","대한민국","민국","관람객","수준","방증","어우","영화","영화관","관","눈물","집","토","전","영화","이것","60","60년대","년대","억지","감성","눈물","사람","허","졸작","눈물","수","영화","추천","울음","유도","눈물샘","암","신","수준","생각","평가","남","남김","김","한국","한국게임","게임","챠","한국영화계","영화계","졸작","천만","천만영화","영화","7","7번방","번","방","억지","감성","감성팔","팔","영화","억지","영화","개","개극","극","4","5","5점","점","평점","1","1점","점","이것","천만","천만영화","영화","감독","진짜","영화판","팔","감성","밖","놈","이상","평점","억지","억지웃음","웃음","억지눈물","눈물","여기","감동","관객","한국","영화계","작품","천만","천만대열","대열","미디어","추구","눈물","중","질","종류","애초","메세지","완성도","관객","심리","쓰레기","영화","개연성","야","수","문","이","배우","연기","했어도","영화","점수","거","지적","영활","실화","바탕","한","허구성","눈물샘","자극할려","억지","억지설정","설정","사람","살인","감독","목소리","이래","이래","시나리오","감정","무시","초반","웃기","후반","우리","우리나라","우리나라영화","나라","영화","흥행","코드","언제","지속","개","개억지감동","억지","감동","짜증","감동","억지","억지눈물","눈물","열기구","열기구탈출","탈출","거기","기분","용구","이유","관객","기분","수준","수준낮으","낮","으","영화","평론가","피","눈물","새","새1","1","나","스토리","거","감독","십","십점","점","이건","재","재밋","밋","8","8점대후반","점","대","후반","7","7점대후반","정도","생각","ㅎ","내","인생","최고","억지","억지신파영화","신파","영화","칼","이래","협박","거","개인적","최악","한국","한국신파영화중","중","억지","억지신파극10자","신파극","10","자","영화","천만","억지","억지감동ㅇㅇ","감동","ㅇ","대한","대한민국","민국","정신","라","한국","한국영화","영화","뒷걸음","서막","미국","라즈베리","전관","확실시","냉정","레","타인","부분","내","취향","듯","어색","바보","바보연기","연기","억지","설정","1000","관객","영화","듯","삼류","영화","천만","거지","연출","연기","류승룡","연기변신","변신","준수","정도","오버","느낌","시기","관객","관객몰이","몰이","타이밍","듯","평점","나","인위적","정신","사람","억지","감정","유도","예승","감옥","설정","설정중간","중간","꽁트","적","류","류승룡","승","룡","연기","별","오래전","내","평가","우리","우리나라","나라","영화계","문제점","원인","일부","일부중","중","하나","하나인","인","영화","생각","이정","수준의","1200","관객","결국","다음","수준","밖","말","이야기","진짜","최악","지적","지적장애","장애","아빠","딸","설정","아이","엠","샘","표절","유아","강간","살인","혐의","유죄","사법","체계","심신","심신미약자","미약자","교도소","교도소엘","엘","치료","치료감호","감호","이건","한국","모욕하","재미","감동","바보","바보영화","영화","영화","천만","천만관객","관객","동원","수","연기력","스토리","어이","빡침","몸","전체","영화","입","욕","처음","시간","움","마","마삼","삼","억지","전개","웃음","감동","눈물","불편","영화","연기력","연기력하나","하나","1","1점","점","영화","평점","조금","이것","2013","2013년","년","관객","관객1위","위","놀라움","한국","한국영화","영화","실체","ㅉ","ㅉㅉ","억지","억지감동","감동","개","쓰레기","영화","보고","평점","평점9","9","점","정신병자","수","전","아이","엠","샘","80","80년대","년대","작품","레인","맨","을","7","7번방의","번","방의","선물","영화관객","관객","수준","수록","이리","작위적","설정","한국","영화","특유","신파극","상황","감정","이입","순간","부모","사랑","눈물샘","성우","쓰레기","신파극","극치","영화","영화","천만","절대","8","8점","점","감동","자체","억지","억지국뽕영화","국","뽕","영화","한국","한국영화","수준","억지","눈물","영화","생각","과대평가","눈물","식","감성","감성팔","팔","극치","지금","평점","강쇄","열기구","때","극장","억지","억지감동","감동","어이","열기구","눈물","설정","등등","천만","나","억지","억지감동","감동","영화","뻔","스토리","년","나","이해","수","평점","감성","감성팔","팔","쓰레기","신파","신파영화","영화","평점","8.8","이거","실화","실화임","임","쓰레기","영화","돈","돈주고","주고","보고","시간","바","기부","삶","유익","하모니","천만","양심","감독","이것","전","영화","거","경악","ㅅ","ㅅㅂ","ㅂ","영화","평점","천만","거","번","감성","감성팔","팔","막장","영화","노인","나라","메","토","평점","니","네이버","라스","평론가","내","돈","주고","영화","소비자","평가","앞","옷","사고","누더기","마세","남","거","비판","자기","억지","영화","뭐","이것","자자","관객","분","여기","으","해","안","음악","빢","이것","영화","억지","억지감동","감동","교도","교도소가","소가","천국","범죄자","미화","저질","저질영화","영화","국민","수준","동정","싸구려","감동","수작질","눈물샘","자극","작위적","억지","설정","개연성","전개","배우","힘","로또","졸작","역대","천만","영화","중","이해","영화","주고","천만","6","6점대","점","대","주말","막장","막장드라마","드라마","시청률","50","한국","한국국민","국민","이것","어","천","엇냐","인간","답","평","천만","미스","미스테리","테리","감동","억지","억지구성","구성","범죄자","범죄자미화","미화","공권력","공권력먹칠","먹칠","한국","한국영화계","영화계","신파극","끝판","끝판왕","왕","눈물","영화","해","이것","천만","천만됬냐","됬냐","평점","드라마","스페셜","법","내용","내용구성","구성","말","신파","슬픔","감동","강요","뻔","이것","빠엔","리얼","걸","천만","한국인","수준","취지","실망","영화","류승룡","3","3점","점","개봉","개봉당시","당시","감성","감성팔","팔","영화","깟","데","주위","주위사람","사람","날","날매도","매도","시간","나","증명","우리","우리나라","나라","영화감독","감성","감성팔","팔","영화","돈","영화","평점","진짜","현실","단지","배우","연기력","만","8","8점후반대의","점","후반","대의","점수","거북","정도","억지","설정","영화","감동","눈물","급","한국","한국영화","생각","작품","제외","오락","개인적","개인적으","으","우리","우리나라","나라","점","눈물","거","약간","가벼운","영화","연관성","부분","리","리티나","티나","류","영화","천만","영화관","분","애도","우리","우리나라","나라","관객","수준","증거","영화","천만","눈물","내기","희대","쓰레기","우리","우리나라","나라","국민","국민수준","수준","영화","흑","흑역사","역사","나","우리","우리나라","나라","관객","작위적","설정","눈물","건","배우","호연","호연덕분","덕분","연기자","연기","최고","진부","스토리","뻔","억지","전개","대사","천","천만","만","넌센스","한국","한국영화","영화","흥행","보장","과대","과대포장","포장","듯","영화","천만","관객","수준","이","나라","무국적","무국적자","자","난민","피지","마이크로","시","참치","참치잡이","잡이","배","하루","18","18시간","시간","노동","세계인","한국","국가","존","이","저","감정","감정선동","선동","영화","현실성","판타지","둘","둘중","중","하나","선택","말","감성","감성팔","팔","쓰레기","쓰레기영화","영화","과장","입","입소문","소문","흥행","흥행몰이","몰이","9","9회말","회","말","1","1점","점","주자","1루","루","상황","강공","병살","거","영화","명","명량","량","7","7번방의","번","방의","선물","앞","한국","한국영화","영화","미스","미스테리","테리","배우","연기","스토리","이것","감동적","번","눈물","나","예승","아빠","탈옥","마음","재","재방","방","마지막","겁","그때","오늘","우리","사회","비참","현실","동시","가족","거","감사","영화","제작","주신","모든","분","관객","눈물","영화","살인","조폭","형","형사물","사물","영화","한국","영화","1000","관객","숫자","생각","가슴","영화","개","한국","영화","수준","수준임","임","이것","대표적","신파","2","2점","점","연기","평점","거지","때","오열","내용","년","년전","전","영화","여기","배우","사람","감정","생각","수","개인적","억지","억지감동","감동","거","거뿐","뿐","평점","건","안본","안본사람","반대표","9","9세","세","이하","관람","10","10세","이상","관람불가","불가","일","초중반","재미","후반","눈물","현실성","얘기","인간","인간극장","극장","영화","영화보고","보고","적","운","운건","건","처음","역대","역대급","급","영화","여기","억지","억지스토리","스토리","화가","영화","영화보고","보고","처음","억지","눈물","이것","천만","정도","거","최고","눈물","천만","천만관객","관객","동반","다운로드","배우","영화","생각","나","사실","뻔","내용","내용전개","전개","배우","연기","천만","영화","의문","작가","감독","막장","막장드라마","드라마","욕","영화","영화임","임","연기자","연기자분","분","연기력","평점","9","9점","점","개연성","스토리","몰입","연출","박정희","시절","정원","정원섭씨","섭씨","이야기","모티브","영화","ㅠ","씨","조두","조두순","순","사형","사형안","안","욕","씨","뒤","감동적","영화","5","딸","아빠","감정","영화","사랑","우리","오랜만","생각","나","극장","때","눈물","바가지","아빠","아이","혼자","어떡","어떡하나","하나","둘","엄마","영화","야","대한","대한민국","민국","경찰","공권력","고","놈","일","비일비재","사회","사회고발","고발","영화","억지","신파","영화","천만","작위적","감동","애초","말","설정","개연성","난리","영화","영화컨셉","컨셉","교도소","동화","아빠","세상","행복","이름","영화","자신","수준","건","애초","목표","때문","거","문제","안정적","수입","생각","흥행","방법","한국","신파극","감독","내용","간","류","류승룡","승","룡","때문","10","10점","점","굳잡","감동적","진리","승리","후반부","눈물","신파","신","파","대중성","관객","결국","관객","개연성","현실성","최루탄","결국","의도","성공","영화","영화ㅡㅏ","ㅡㅏ","영화","애초","장애","사람","방식","처음","끝","누명","캐릭터","장애인","설정","눈물","생각","양심적","평점","조절","장애인","인권","무시","단순","개그","개그소재","소재","이용","리웃","창고","아류","신파","영화","헤라","헤라디","디","슬프기는","암","줄","하나","해결","배우","고분","고분분투","분투","억지","억지설정","설정","답","초반","무리수","대량","다발성","투척","연기","연기땜","땜","평점","평점줌","줌","신파극","억지감","억지감동의","동의","교집합","상당","상당부분","부분","아이","아이엠샘","엠","샘","모방","영화","류","류승룡","승","룡","조","조차","차","숀","숀펜","펜","연상","재소자","딸","성인","패닝","미","미셸파이","셸","파이","최악","시나리오","고증","현실","설정","억지","억지눈물","눈물","노","노잼","잼","억지","억지울음","울음","거","하나","이거","사람","심리","뭐","임","관객","천만","천만정도","정도","평점","한번쯤","생각","나","억지","감동","감동코드","코드","영화","류","류승룡","승","룡","성대","모사","감성","전형적","한국식","팔","영화","국민","감성","쓰레기","영화","80","80년대","년대","신파극","줄","거","스토리","억지","내용","신파","거","저","개인적","의견","삶","분","가슴","무언가","울음","류","영화","영화핑계","핑계","잘봣어","울엇네","스토리","현실성","전개","이지","이지1랄","1","랄","글적으면","평론가","글","마","토악질","최고","영화","눈물","류","류승룡님","승","룡","님","연기","줄","오예","영화","평점","나","대한","대한민국","민국","선진국","이유","천만","천만관객","관객","기","연출","억지","부분","억지감동","감동","있음","과대","과대평가","평가","영화","생각","평점","감성","감성팔","팔","영화","편","본건","이건","때","생각","아빠","연기","연기외","외","최악","순수","감동","억지","삼류","삼류영화","영화","배우","연기력","영화","이상","소리","이거","실","실화","화","바탕","실제","무기","무기징역","징역","15","15년","년","복역","사건","사형","사형선고","선고","억지","억지라","라","헛소리","영화","외국인","추천","1","1순위","순위","외국","평가","눈물","영화","배우","연기력","합","스토리","가족","보기","최고","신파","개똥","개똥쓰래기","쓰래기","이거","돈","돈주고","주고","땅바닥","음","억지","억지신파","신파","장애인","이야기","태도","관ㄱㅐㄱ들","집중","설정","붕괴","현실성","현실성붕괴","전형적","신파극","한국","한국영화","영화","거","눈물","당신","똥개","수","영화","6","6년","년","뒤","평점","예","이유","베스트","신파","영화","쓰레기","영화","중","하나","생각","때","때보고","보고","후회","영화","박","혜가","내용","하나하나","애","눈물","기대","이거","평점","왜케","스토리","감동","강요","신파극","이상","이하","쓰레기","신파","억지","억지감동","감동","유발","연기","향연","설득력","관객","불친절","영화","생각","류승룡","오","오바","바","장애인","장애인연기","역대","최악","톤","조승","조승우","우","오아시스","이것","천만","천만영화","영화","그때","지금","죄","하나","내","한동생","추천","나","집","걔","병원","입원","현재","경찰서","ㅋ","눈물","내","억지","영화","영화설정","설정","그것","감동적","관객","평론가","이것","니","사람","장애인","동","동정의","정의","대상","일반인","이","영화","관점","관점자체","자체","계집애","특유","공감","공감능력","능력","발휘","점수","ㅈ","게","뻥튀기","해","평점","평점조절","조절","억지","억지눈물","눈물","한국","한국영화","영화","대표작","연기","억지","감동","감독","관객","포인트","뻔","한국","한국영화","영화","영화","영화","당시","단순","휴머니즘","코미디","생각","마지막","씬","역대","역대급","급","눈물","이거","영화","내가","한번","극장","우리","우리나라","우리나라영화","나라","영화","특유","감성","감성팔","팔","꼴","기","1","1점","점","영화","나","감동","외국인","와이프","자막","개연성","전형적","감성","감성팔이식","팔","이식","한국","한국영화","영화","감독","의도","불편","부분","천만","우리","국민","앞뒤","눈물","눈물선동","선동","취약","억지","설정","민중","지팡이","쓰레기","영화","배우","연기력","뻔","스토리","급","급영화","영화","마지막","사형","길","오열","오열씬","씬","번","눈물","수도","수도꼭지","꼭지","르","현실성","개","개무시","무시","1000","1000만","만","영화","영화중","중","이해","이해안","안","장애인","식","영화","사람","시나리오","이거","사람","은","상종","안","나도","수준","이것","천만","천만인지","인지","정","정도로","도로","스토리","뻔","뻔하단","하단","쓰레기","영화","이거","때","영화","장애인","방식","세상","희화","소비","여기저기","예승","개그","진짜","가족","그때","눈물","기","영화","감정적","스트레스","말자","이해","수","천","영화","영화중","중","하나","창피","뿐","눈물","영화","삶","세계","거울","성찰","인간","세상","통찰","목적","말","한국","한국영화","장애인","바보","천치","웃음","제조기","눈물","가차","쓰레기","영화","태도","동정","인정","대변","관객","우롱","느낌","밑","끝","신파극","배우","번","이것","극장","기","눈물","영화","흥행","흥행떄문","떄","문","급","신파","신파무비","무비","양산","신","파","이용","감동적","참고","때","눈물","방울","한국","한국영화","영화","억지","억지신파감동","신파","감동","점","억지","억지스토리","스토리","열기구","열기구공권력","공권력","남용","등","졸작","소","소린","린","거","영화","영화보고","보고","이유","감동적","배우","연기","한국","한국영화","영화","다운","그것","불법","천만","부성애","관련","중","최악","인도","쓰레기","류","류승룡","승","룡","말","어버버할","정상인","이것","1200","1200만","만","작","열기구","등장","때","말","양화","이상","이하","영화","뿐","이것","천만","억지","억지울음","울음","우리","나라","나라관객수준","관객","수준","이정","이젠","개","소나","천만","천만영화","영화","모양","설정","억지","개그","감동","감동코드","코드","천만인","한국","한국영화","길","정도","영화","개","개ㅈ노잼","ㅈ","노","잼","이","돈","돈주고","주고","휴","졸작","천","관객","영화","영화","흥행","배우","배급사","역할","명작","저","예산","영화","최대","성공작","넘","넘재이","재이","ㅇ","ㅇㅋ10점","ㅋ","10","점","영화","자체","범","메시지","구역질","정도","편향","비난","코미디","신파","영화","영화여","여","최소한","개연성","미덕","유치","스토리","억지","전개","강요","짜증","배우","연기","때문","4","4점","점","난이","별","ㅑㅑㅑㅑ","억지","신파","한국","한국영화","영화","보고","영화","천만","사실","이후","한국","국민","영화","배우","연기력","1000","1000만","만","어림","반품","하모니","시간","영화","중","하나","처음","끝","말","엉터리","신파극","교도소","미화","최악","억지","억지감동","감동","연출","신파","최악","진짜","때","유치","온몸","기분","이거","거지","반응","내","수치","이거","바","아이","아이엠샘","엠","샘","배우","수","지경","플롯","코미디","내용","짝","휴먼","휴먼드라마","드라마","개연성","경찰서","경찰서장의","장의","행동","동기","말","0","0점","점","후","별","영화","관객","관객수가","수가","1200","1200만이","만이","한국","수준","천만","관객","수치인","수치인영화","영화","천만","천만인지","인지","이해","영화","감동","감동영화","개연성","개","연기","배우","덕","5","5점","점","억지","억지감동","감동","신파","절정","강요","영화","류","류승룡","승","룡","눈","쓰레기","쓰레기영화","영화","돈","돈낭비시간낭비","낭비","시간","유치","억지","전개","수준","수준낮","낮","인간","때","웃음","나","감독","인간도","수","마지막","심각","심각하다심각","하다","연기력","괘","괘낞","낞","영화","아이","아이엠샘","엠","샘","서","숀","숀펜","펜","연기","보고","류","류승룡","승","룡","발","발연기임","임","스토리","억지","억지감동","감동","유도","300","400","400만","만","이해","이것","1000","1000만이라니","만이","라니","ㄷ","ㄷㄷㄷ","프","베스트","베스트안","안","함","자연","슬픔","너","운명","부자연","내","영화","엿","지능","덤","덤태기","태기","초반","개","억지","억지여","여","눈물","머","민국","천","수준보소","초","초딩때","딩","때","반","반애","애","대다수","신파극","나","영화","싸구려","신파극","1000","1000만","만","한국","영화계","수준","만","하다","진짜","최악","거","제대","이것","ㅅㄲ들","아이","아이엠샘","엠","샘","작위적","감동","이거","바","소원","번","배우","연기력","최악","영화","신파극","억지","감동","느낌","안들엇네","후반부","슬픔","억지","연출","아빠","주","신","어이","웃엇","장애","인간","고통","성찰","한","감독","흥행","수단","이용","어이","스토리","전형적","신파","불편","영화","영화라니","라니","허","참","질","억지","신파극","감독","우리","우리나라","나라","아이","아이돌","돌","감성","감성팔","팔","명작","평가","악의","저","영화","영화중","중","최악","졸작","나이","나이대가","대가","10","10대","대","여성","말","수준","신파극","억지","억지눈물","눈물","한국","한국영화","영화","한계","영화","별","개","충","연기","감동","감동영화","영화","진짜","평점","평점조절","조절","필요","내","내평점거짓말안","평점","거짓말","안","초등학생","30","30분","분","이것","스토리","수","상술","모방","졸작","감성","감성팔","팔","영화","마케팅","줄","사람","후","넘","재","재밋고","밋","고","감동적","10","10점","점","듯","전개","연출","뭐","하나","수준","낮","영화","뿐","관객","미개","자체","억지","감성","감성팔","팔","영화","대표작","이것","영화","답","장르","환타지","설","설정도","정도","이지","열기구","감옥","안방","빠순","빠돌이들","번","쓰레기","개봉","터","다","솔","1","1점줄","점","줄","영화","당시","입","입소문","소문","기대","난","사이코","사이코패스","패스","감정","조금","스토리","예측","천만","천만관객","관객","모","억지","눈물","내기","내기ㅉ","ㅉ","말","내용","5","5점정도","점","정도","별","별점","점","때문","1","1점","6","6점","점","영화","캬","한국","관객","수준","보소","뭐","이것","천만","천만관객","관객","네이버","평점","기대","봤드","봤드마","마","모의","모의재판","재판","실제","무죄","무죄선고","선고","돌파","기세","재미","억지","스토리","배우","연기","억지감동","감동","부성애","자극","눈물","질","개","뭐","난리","억지","스토리","시트콤","생각","제일","속","예승","배우","연기","완전","뻥","뻥구라","구라","거지","영화","눈물","짜낼려","집기","유치","촌","시나리오","순","홍보","홍보빨","빨","흥행","극장","나","성질","우리","우리나라","우리나라영화","나라","영화","발전","요소","억지","억지감동","감동","대표작","예","코미디","둘","케이스","7","7점","점","중반","영화","보라","듯","전형적","한국","억지","억지눈물영화","눈물","영화","최소한","리얼리티","쓰레기","천만","영화","우리","우리나라","나라","관객","관객수준","수준","이해","천만","영화","억지","스토리","뻔","설정","억지감동","감동","영화","중","젤","천만","하다","부성애","아빠","정신","정신지체","지체","법정","법정싸움모자","싸움","모자","친구","소재","아이","아이엠샘","엠","샘","장르","차이","고려","졸작","이하","비교","억지","촌","코메디","신파극","2013","2013년최악","년","최악","영화","억지","감성","감성팔","팔","눈물샘","자극","영화","건","거기","웃음","영화","후반부","완전","막장","예","이","때","연ㄱㅣ","ㅠ","무","정원","정원섭님","섭님","이야기","거","최고","영화","무","실화","실화모티브","모티브","사람","사람한명","한명","살인범","링","링타임","타임","나","눈물","사람","역시나","오진","마지막","철창","아빠","예승","예승이의","이의","연기","생각","머리통","느낌","영화","자체","땔감","졸작","10","10자","자","때","생각","끝","착즙","슬픔","무엇","추천","경찰청장","패","기억","영화","감동","본영","약자","관점","일","수","영화","류","류승룡","승","룡","연기력","최고","최고임","임","사회적","약자","배려","부족","부성애","웃음","감동","영","영화","화","생각","명","명량","량","과대","과대평가","평가","영화","영화","류","류승ㄽㅇ","승","ㄽ","ㅇ","연기","개","잼","감동적","영화","ㅣ","ㅣ하나","하나","둘","셋","생략","오열","오열씬","씬","때","눈물","나","영화","꿀","꿀잼ㅅㅅ","잼","ㅅ","년","나","영화","거","저","때","눈물","인생","인생영화","감사","ㅡ다시봐도눈물","법","사람","아이","엠","샘","샘샘","꼬르","스토리","개연성","관객","거","빵","본데","엔딩","엔딩크레딧","크레딧","때","나","무표정","영화","평점","8.84","8.84라니","라니","ㅉ","류","류승룡","승","룡","쇼","쇼생크","생크","탈출","기대","노골적","신파","억지","억지설정","설정","연기","감동","감동강요","강요","극","평점","재미","1000","1000만","만","우리","우리나라","나라","관객","관객수준","수준","영화","인생","인생영화","영화","내","인생","최고","영화","ㅎ","이","노력","아이","아이엠샘","엠","샘","때","원","영화","뻔","신파극","뭐","나름","최악","영화","수","전","영화","잼","감동적","말","10","10자이상","자","이상","10점","점","수","거품","흥행작","대표적","예","7","7번방","번","방","해운대","자식","생","포기","부성애","표현","밖","전형적","한국","한국코미디영화","코미디","영화","전개","신파극","마지막","3","3분","분","1","차지","점","조연","감초","역할","아역","아역연기자","연기자","연기","꾸밈","오","오바","바","진행","듯","세상","남자","남자일지","일지","예승","아빠","관람객","관람객점수","점수","이것","경찰","욕","영화","번","봤어도","마찬가지","설정","억지","면","저","공감","배우","연기","인정","마지막","눈물","영화","추천","진짜","감동적","재밋었어","10","10점","점","영화","진짜","류","류승룡만이","승","룡","만이","수","영화","완전","감동적","울","추석","추석특집","특집","방영","번","거","코끝","영화","옆","딸","사랑","내","저의","고정관념","깨","영화","보통","사연","주제","이","마련","이야기","코미디","관객","덤","덤으","으","류","스토리","1","1류","배우","예승","연기","왤","거","예승이의","이의","오징어","춤","눈웃음","수","류승룡","감탄","금","정도","실제","생각","영","나한","나한테","테","한국식","눈물","영화","용구","순수","모습","류승룡","연기","감정","감정이입","이입","소원","소원양도","양도","류","류승룡","승","룡","짱","정도","재","재밋","밋","데","배우","연기","현실성","현실성현실성","영화","거","자체","나","겐","감동적","눈","정도","연기력","연기력짱","짱","스토리","눈물","왓","보기","최고","화도","딸","사형","아빠","감동","감동","배우","연기","여","딸","사랑","자신","죄","아버지","그","열십","열십히","히","공부","겐","선물","편","영화","눈물","정화","배우","연기","대박","짱","간수","수감자","한마음","장면","봣","무렴","일","영화","본건","처음","억지","억지감동","감동","감성","거","사랑","아빠","모습","눈물","재밋게밧는데댓글","부정적","다이","영화","현실성","오","재","재밋","밋","거지","감독","그것","몰랏을까","내가","감정","배우","연기","감동","전문가","배우","연기","명작","영화","영화중","중","3","안","마지막","마지막부분","부분","절정","나","눈물","나","영화","마음","헬로우","헬로우고스트","고스트","이거","짬","등장인물","몰입","영화","부성애","간접","체험","느낌","감동적","이때","사람","추천","때","특집","방영","눈물","눈물콧물","콧물","진짜","진짜ㅠ왜","ㅠ왜","거","출연진","연기","정부","공권력","가해자","공공","공공의적","의적","묘사","영화","감성","감성팔","팔","보라","거","봄","으헝","으헝ㅇ엉앙","ㅇ","엉앙","앙","엉","엉ㅇ","류","류승룡","승","룡","연기","간만","눈물","스토리","눈물","영화","사람","마음","감동","진짜","작위적","떠랴","오늘","번","가슴","아린","눈물","콧물","왤","개","개빡","빡","개빡침","침","하","처음","나","연기","진","진쟈","쟈","여","얼굴","꺼","가슴","투자","투자배급사","배급사","감동","장면","펏","펏어","어","ㅜ","감동적","최고","변호인","여기","댓","댓글알바","글","알바","ㅉ","ㅉㅉ","움","슬픔","영화","영화중","중","최고","감동적","울음","최고","평점","작위적","신파","눈물","주체","수","배우","힘","아버지","사랑","영화","세일러","세일러문가방때문","문","가방","때문","감옥","딸","딸생일","생일","세일러문가방","선물","영화","억지","개연성","커버","배우","연기","류승룡","생각","어울림","중간","하품","번","가족","천","천만","만","영화","재","재밌으","밌으","거","재미","댓","댓글","글","로","난투극","이해","세상","연기","감동","보기","영화","억지","시나리오","배우","극복","영화","배우","호연","만","박수","목","대작","눈물","강요","마무리","전형적","신파극","류승룡","연기","영화","최대","미덕","한국","한국관객","관객","천","명이","ㅈ","영화","줄","니들","돈","돈주고","주고","영화","진실","개연성","사건","수","이","말","어거지","웃음","유도","그것","호도","허구","허구라","라","진정","감동","깨알","슬픔","폭풍","슬픔","대박","풔","머리","정도","너무울었어요ㅜ그","연기","감동","전","주변","스포일러","번","감상","눈물","영화","스포","당","거","상영","상영관","관","숨","정도","듯","최고","눈","작품","사실적","인과","인과관계","관계","사실","사실지향","지향","영화","거기","비판","ㅋ","처음","영화","영화보고","보고","눈물","최고","감동적","감성","감성팔","팔","연","연기자","기자","연기","만점","수","감동적","최고","영화","장면","눈물","영화","영화보고","보고","운","운건","건","처음","감동적","진리","처음","끝","움","7","7번방의","번","방의","선물","감","감감동","감동","예","ㅎ","1","1점주지마라","점","주지","마라","끈기","넌","자격","1","1점","점","영화","애","뭐","억지","한국","최고","최고구","구","봣","설명","수","경찰","경찰들개","들개","눈물","수","가슴","만큼","영화","예승","아빠","내","자식","사랑","재","재밋고","밋","고","움","배우","연기력","사형","사형제도","제도","찬반","논란","논란속","속","것들","생각","진정","사랑","마음","공감","사람","눈물","영화","수","희생","영원","속","감동","이유","최고","나","영화","내용","그것","ㅠ","슬픔","슬픔ㅜ","ㅜ","영화","동안","영화ㅠ","ㅠ","십","십점","점","저","오열","감동","부성애","슬픔","인생","이후","재미","재미요소","요소","가미","영화","진행","감동적","말","최고","최고구","구","집","때","학교","뻔","여","봣","봣습","습","니","당","영화","흥행","이유","대박","최고","승아","정","말","새벽","영화","감동적","자체","감동적","영화","눈물","웃음","영화","말","ㅜ","영화","가슴","가슴속","속","원초적","감정","감성","감동적","유","유치하디","치하","디","인간","한편","방증","혼자","집중","주위","최고","내생","내생최고","최고","영화","영화","영화첨봄","첨","봄","ㅠ","감동적","영화","감동","물결","ㅎ","눈","땀","셀러","셀러문","문","영화","건","영화관","거","코믹","감동","눈물","선사","양육","고충","장애","아이","부모님","공감","생각","오랫만","영화","생각","사람","현실성","스토리","거","감동","말","스토리떄문","떄","문","우리","눈물","눈물콧물","콧물","수","예상","수","전개","스릴러","영화","거","최고","영화","눈물","눈물콧물","콧물","진짜","ㅠ","10","10대","대","20","20대","대","때","닾","30","30대중후반","중","후반","인제","예승","딸","두고","아빠","마음","나","눈물","진짜","영화","거","영화","평점","거처음","처음","반복","감동적","중","이때","중제일","제일","많이울엇네","짱","새","새볔","볔","시간","감정","북","눈","움","해외","한국","한국영화","영화","기회","없엇","저","외국인","친구","적극","추천","오늘","오늘보게되엇네","보게되엇네","가슴","가족","분","밑","댓","댓글달","글","달","재미","감동적","영화","강","아버지","사랑","최고","이거","ㅜ","ㅠ","ㅠ","번","영화","몰입","평점","완전","영화","나","한참","보기","처음","충격","수","나이","나이40","40","첨","바보","류","류승룡씨","승","룡","씨","연기","아빠","아빠사랑","사랑","길","길소원양","소원","양","마음","주체","눈물","눈물바다","바다","내","현실","영화","영화속","속","이야기","바","굿","평점","이유","작품","사랑","딸","자신","아빠","감동적","이야기","눈물","콧물","가슴","머리","눈물","영화","작품","약간","시간","반응","감성","전율","자극","짱","재미","감동적","영화","감동적","영화","한국판","이것","감동","감동적","영화","영화","잼","봣어","말","폭풍","폭풍감동","감동","내가","영화","영화중","중","다섯","손가락","수","눈물","수","영화","넘","추천","연기","내용","사람","거","동안","감옥","영화","영화중","중","감동적","감동적이면서","이면서","사회","부패","부패층","층","화도","최고","움","넘","감동적","눈물","수","폭풍","감","감동의","동의","영화","7","7번방의","번","방의","선물","완전","감동적","말","고임","하","재밋어","재미","여","이용구","딸","마음","멋","예승","예승이도","이도","내용","감동적","진짜","감동적","피고","감동적","영화","내가","영화","최고","영화중","중","류","류승룡","승","룡","연기","ㅈ","ㅈ짱","짱","ㅠ","세상","감동적","영화","마음","영화","중","중최고","최고","요","요근래","근래","영화","영화중","중","최","최고","아빠","영화","짱","울음","울음헝헝","헝헝","아침","감동","강추","여","감동","감동","보고","보고왓","왓","데","마지막","때","가족","다","평점","나","눈물","콧물","연","배우","실감","티비","4000","4000원결제","원","결제","마음","영화","별","별점백개","점","백","개","간만","힐링","듯","개취이지","나","겐","겐진짜최고","진짜","최고","영화","배우","연기","시나리오","말","지옥","곳","천국","있음","나","영화","행복","영화만들어보든가평점존나조금줘놓곤","말","새끼","뭐","전체적","감동적","마지막","마지막부분","부분","라","나","눈물","영화","거","10","10점","점","억지","눈물","영화","분","거","데","감독","영화관","관","재미","재미감동","감동","영화","운","처음","폭풍","폭풍오열","오열","이용구","예승","감옥","사람","평생","후회","후회안","안","의미","10","10점","점","영화관","한번","집","학교","3","3번","번","눈물","영화","ㅠ","진심","영화","세상","처음","처음봄","봄","감동적","엿","엿고","고","류","류승룡연기","승","룡","연기","명품","얏","얏음","음","배우","잫","잫ㄹ","ㄹ","대박","여","최고","감동적","슬픔","영화","중간","코믹","내용","현실","ㅎ","최고","최고ㅠ임신중","ㅠ","임신","중","2","2번","번","영화","최고","재미","감동","결합","영화","생각","무엇","놈","화","평가","쓰레기","쓰레기점수","점수","거","직접","로그","로그인해","인해","리뷰","본건","처음","자기","주관","밑","사람","휴","지","영화","적","가슴","감동","영화","얼마","인지","영화","지금","보시기","추천","여운","가시","눈물","현실성","개연성","마케팅","거품","등등","말로","영화","영혼","이","명분","그것","뿐","사람","소리","무시","번","영화","분","이해","뭐","죄수","죄수미화","미화","누명","이상","인간","작품","감동적","감동적이구","이구","탈수","증세","왜케","땅","대박","사랑","아빠","것중","중","눈물","주","주륵주륵","륵","진짜","앤","이거","영화","가능","부분","그것","수","정말","장애","부모","사랑","모든","부모님","마음","기절","줄","포인트","함정","경찰청장","쥬","쥬기쟈","기","쟈","우","우끼끼","끼","영화","생각","현실성","억지","뭐","비현","비현실적","실적","대체","눈물","감수성","부족","아빠","사랑","내가","내가이상","이상","영화","영화일","일","작품","현실성","뻔","스토리","말","거","소설책","저","감성","자극","눈물","사람","영화관","타워","때","모두","저","감동","방울","이거","고요","관객","관객수","수","1000","1000만명","만","명","밑","댓","댓글","글","사람","뇌","듯","영화","수준","을","입","평가","평가절하","절하","자","삶","논","자격","생각","아메바","미생물","가치","개","만도","하다","표현","진짜","감동적","하구만","평점","정도","이해","안","사람","생각","듯","영화","줄","구","마음","영화","요즘","관객","지","뭐","작품","수","분","취향","태클","저","폄하","감동적","류","류승룡","승","룡","외","연기자","연기자분","분","연기력","대박","대박작품","작품","악","악풀러","풀러","관심","관심종자","종자","영화","현실","억지","하면서","니","머리","머리속","속","있느","맘","영화","영화보고","보고","악플다","사람","사람새끼","새끼","어디","1000","관객","돌파","줄","눈물","악","악플","플","쨔","뿌잉뿌","이거","안","안보고","보고","사람","사람아","아","이것","감성","감성팔","팔","스토리","배우","무게","무게만","만","그것","상쇄","스토리","딸","이유","사형","아빠","그거","눈물","마지막","하나","둘","셋","하면","형사","고문","인생","지","지가족","가족","이랑","7","7년만","년","만","눈물","계속","평생","평생눈물","눈물","넴","이거","처음","끝","뒤","거울","내","자신","추천","감동","감동영화","영화","최고","선물","류","류승룡","승","룡","과","소원","연기","감동","영화","스토리","웃프지","연기","배우","모두","듯","그로","들","장애인","희화","지","코미디","코미디영화","영화","번","유일","영화","마지막","예승","열기구","타고","류승룡","톤","속","이야기","장면","영화","레","타인","이동","씨","사랑","전형적","한국형","신파극","억지","개그","코드","막판","눈물","내기","수준","영화","한국","관객","관객수준","판타지","판타지영화","영화","현실성","비교","마블","마블영화","거","자기","세계관","안","레","타인","포","포소녀","소녀","아이","아이엠셈","엠","셈","수준","억지","설정","때","눈물","ㅜ","영화","사람","절대","소통","배우","영화","상업","영화","한계","여자","여자애","애","작품","논","노","노땅","땅","영화","거","수","깽깽이","거지","마","뭐","연출","고","협박","열기구","감동","표정","하나","코미디","사람","스토리","정도","누명","땅","분","행복","행복하라","하라","영화","존","존문가","문가","평론","난리","마인드","리웃","영화","라","스토리","억지","딱이","내용","전개","억지","감동","영화","번","마직","마직막","막","용구","예승","여","주","주여주세요","여주","세요","때","잘못","잘못했서","했서","송","부분","류","류승룡","승","룡","연기","최고","배우","연기","말","저","개인적","인생","인생명작","명작","영화","눈물","ㅡ","류승룡","류","류승룡","승","룡","조연","빛","영화","아버지","부성애","영화","배우","명품","연기","스토리","부문","점수","10","10점","점","류승룡","변신","예승","예승이의","이의","연기","덕","덕지도","지도","영화","배우","연기","열기구","쌩뚱","음","억지","배우","연기력","감독","연출력","뻔","이야기","생각","수","눈물","수작","재방송","거","27","남자","당시","상영","시","영화관","여자","여자친구","친구","둘","기억","와이프","가슴","영화","설정","유치","열기구","장면","황","배우","연기","대박","마지막","뻔","유","웃음","눈물","았꼬","예승","역","소원","나이","연기","다음","영화","눈물","감동","무엇","배우","연기","감동적","영화","영화기법","기법","현실성","부분","평가","입법부","사법부","실제","수","일","글","저","평생","경험","바","허구성","우리","우리나라","나라","모습","현실성","억지","장면","여럿","우리","감동","영화","배우","연기력","감정","감정선","선","최대","일체","관객","마음","부족","사나이","눈물","영화","연기파","연기파배우","배우","볼만","현실성","무리","현실","코믹","가상","영화","실화","이상","퐌타지성","가미","문제","역대","중","욕","안","10","10점","점","연기","한번","한번보세","보세","강추","혼자","데","감동적","배우","열연","감성","감성팔","팔","영화","한국","한국영화","수준","거","스토리","구성","작품","운운","전문가","납","납셧네","셧네","실화","픽션","픽션영환데","영","환","데","판타지","때","자식","아버지","아버지입장","입장","감동적","눈물","감동","하","교도소","분위기","생각","연기력","눈물","부정","모정","최후","최후변론","변론","의의","이름","아빠","용서","7","7년","년","만","울음","영화","거","최고","메","메읻","읻","영화","영화내용","내용","ㅅ","ㅅㅂ로마","ㅂ","로마","이것","ㅅㅂ","패륜아","ㅅ끼","끼","사형","신파","신파영화","무리수","열기구","말","장면","배우","연기","아이","아이엠샘","엠","샘","배","영화","개연성","수","신파극","관객","10","10점","점","한국","한국영화","발전","눈물","기","영화","나","영화","신파","비난","현실","어디","선가","지적","지적장애","장애","차별","공권력","남용","굴복","이의","아름","부녀간","이별","때","정의","정의라도","라도","영","개연성","상관","노","내가","내가재밌으","재","밌으","사형","전","장면","수","감정","있음","나이","최악","한국","관객","겐","영화","신파","진심","이것","천만","입","입소문","소문","배우","배우파워","파워","영화","신파극","전형적","한국","한국영화","영화","스토리","눈물","안","거","관객","류","류승룡","승","룡","무죄","감방","감방동기","동기","어거지","추측","맞추기","개","개극","극","여주","ㅅ","ㅅㄱ","ㄱ","신파","끝","남자","남자주인공","주인공","듯이","노력","그","영화","쓰레기","상","상사부일체","사부","일체","한국","한국영화","영화","이제","때","한국","한국영화","영화","흑","흑역사","역사","개연성","스토리","관객","웃음","눈물","강조","극적","장치","인상","의미","타짜","기억","영화","작품","표현","영화","인생","인생영화","개","개억지설정","억지","설정","초","초딩","딩","만화","건","재미","보시","평론","감동","10","10점도","점도","부족","화가","나","한국","한국영화중의최고","영화","중의","최고","재밋엇ㄷ","폭풍","폭풍눈물","눈물","완전","감동","코미디","코미디스토리","스토리","대한","대한민국","민국","경기","거","순","거짓말","영화","주고","극장가","수","사람","인구","4","4분","분","1","사실","영화","성공","거","거때문","때문","한국","한국영화","감성","감성팔","팔","기본","장착","ㅋ","영화","니","가능","거지","믄","배우","연기","쵝","쵝오","오","영화","최고","영화","최고","말","감동적","영화","영화","나","무엇","감동","영화","배우","배우분","분","연기","최고","후","여운","남","감옥","죄수","아저씨","교도소","소장","애가","경비","공연","예승","예승이의","이의","유치원","설정","허","영화","배우","연기","마지막","천만","천만인지","우리","우리나라","우리나라현실","인지","거","나라","현실","영화","각각","배우","연기력","영화","영화감동","감동","재미","슬픔","분","사건","사건정황","정황","황","배우","연기력","내","감정","거기","몰입","눈물","나","가슴","영화","저","비현","비현실적","실적","재미","있음","볼만","예","예승","승","담임","담임선생님","선생님","박","박신혜","신","혜","기대","생각","소원","사랑","혹평","혹평때문","때문","망","영화","고구마","백만","백만개영화","개","영화","마지막","재판","재판씬","씬","기","장면","미안","정도","정신","정작","연습","자기","라","라구","구","대체","어디","영화","분","이것","명절","정도","영화","감성","감성팔","팔","개","개극","극","한국계","수준","대표","내","인생","최악","한국","한국영화","영화","극장","신파극","어디","수","작가","리얼리티","개입","개입안","안","감동","말","영화","형사","형사소송법","소송법","기본","교도소","내부","내부표현","표현","엉망","무지","사람","참여","참여재판","재판","감성","감성자극","자극","영화","거","한국","한국영화발전","발전","억지","억지눈물","눈물","말","이해","이해안","안","상황","거","나","영화","전","직감","예전","어이","평점","평점조절참가","조절","참가","전문가","전문가인척","인척","ㅎ","이거","누","평점","평점테러","테러","연기력","연기력만큼","만큼","인정","연기","인정","연출","눈물","내기","하모니","듯","영화","대종상","4","4관왕","관왕","화가","영화","가능","링","링타임","타임","뻔","거","예상","몰입","영화","자체","그것","감상","홍보","나","겐","식상","때","흥행","영화","생각","수록","내용","졷","졷문가샋히","문가","샋","히","강냉이","시바","남","10","10점","점","때","지","1","1점주고","주고","꼴","평","가랍시","용어","줄","ㅋ","과도","억지","억지감성","감성","현실","현실왜곡","왜곡","놈","다","감성","메","메말린","말린","평론가","니들","영화","머","길","길레","레","따위","글","가족","가족영화","기능","거","여기","유주","유주얼","얼","스펙트","반전","작품","평점","1","1점","점","개인","개인적인소견","적인","소견","6","6점","영화","흥행","이해","이해안감","안감","신파극","자체","ㅇ","ㅇㅇㅇㅇ","노","노답","답","언","언플","플","마케팅","성공","대표작","백만","백만원","원","영화","도중","눈물","남","감동","상황","만듬","만듬기분","기분","빵","애","걱정","전","감수성","때","일기장","영화","아침","일어","일기","보고","유치","민","주인공","뭐","중","중후반","후반","수","누","눈물","사형","집행","꼬라지","뒤","지","무죄","판결","명예","평점","배우","배우","연기","7","8","8점정도","점","정도","수","영화","1000","관객","돌파","극찬","만큼","우리","우리나라","나라","국민","이성적","판단","감성적","감정적","비약","우리","눈물샘","자극","수","부성애","영화","스토리","작품","평가","어이","그거","황","관객","힘","배우","힘때문","때문","주위","주위사람","사람","완전","완전속","속","초반","잼","데","달","달수","수","글","거","웃음","상실","상실했슴","했슴","감","감동도","동도","득","영화","수록","불쾌","경찰","경찰호구","호구","국선","국선변호사호구","변호사","판사","판사호구","스토리","느낌","영화","쓰레기","내용","다음","당시","특유","심리","반영","영화","장애인","학대","지","관람객","수준","내","생애","최악","영화","재미","문제","부아","중간","수","끝","눈","눈물","기분","웠","나","이","류승룡","영화","소재","영화","배우","연기","영화","천만","연기력","1","1점","점","장","장말","말","억지","한국","한국영화","영화","특유","뜬금","뜬금포","포","감동","내기","시전","최악","후회","후회막심","막심","선량","여성","토막","토막살인","살인","살인마","사형","안","나라","영화","흥행","감성","감성팔","팔","하면","끝","흉악범","공권력","인간","인간미","미","사람","라이","과대평가","천","영화","영화중","중","하나","엔딩","엔딩부분","부분","라","관객","협박","신파극","거","한국","한국관객수준","관객","수준","작위적","비현","비현실적임","실적","임","정도","법","이야기","경찰","국선","국선변호사","변호사","개호","개호구로","구로","영화","감동","감동추천","추천","판타지","말","대표적","거품","연기력","완벽","스토리","어거지","최악","영화","스토리","허","동안","감동","출연","아역","한국","애","로","신파극","언제쯤","기분","영화","작가","극단적","상황","관객","눈물","고","강요","억지","억지감동","감동","억지웃음","웃음","사회","사회비판","비판","급","쓰레기","쓰레기영화","영화","배우","연기","이것","설국","설국열차","열차","평점","이해","1","1점","점","작위적","영화","니","이래","작정","개연성","이거","저거","요고","짜집기","6","6점","점","적합","감성","감성팔","팔","만","천만","천만관객","관객","가능","천","천만","만","우리","나라","영화","영화장래","장래","걱정","억지","신파극","극치","한국","한국영화","영화","발전","제자리걸음","상징","10","10점감이","점","감이","아이디","10개","개","영화","냉정","평가","5","5점","점","정도","말","왜곡","평점","반감","사형수","미화","영화","ㅉ","ㅉㅉ","방식","방식영화","영화","오때","이것","주고","천만","무시","건","시간","시간때우기용","때","우","기용","영화임","임","분명","데","뭐","눈물","ㅜ","주연급","배우","만","작품","비난","뻔","내용","실화","각색","마음","아픔","마음","영화","억지","부분","연기","내가","내가본영화중","본","영화","중","엔딩","ㅠ","스토리","배우","연기","이거","움","딸내미","ㅋ","짱","짱임","임","번","영화","현실","내용","연기","진짜","개","개봉","봉","당시","영화관","집","혼자","영화","류","류승룡","승","룡","배우","연기","백만","백만점","점","눈물","영화","앞","경찰","눈물","놈","기대","일주일","생각","류","류승룡씨","승","룡","씨","팬","한국","한국다운","다운","영화","씬","감동","오","마지막","마지막ㅜ","ㅜ","7","7년만","년","만","건","7","7번방의","번","방의","선물","아역","소원","연기","스토리","감동적","영화","감동적","눈물","최고","영화","감동","국선","국선변호사","변호사","ㅋ","ㅋ그따위","그따위","국","국선하지","선하지","재주","자격증","뺏어","감동적","배우","연기","일품","기도","확보","인공","인공호흡","호흡","정신","대기","비현","비현실적","실적","세상","일","개","영화","배우","연기","몰입","기식","영화","신선","꼬맹이","여자애","진짜","연기","내용","억지","재","재밋","밋","억지","억지인건","인건","잼","7","7명","명","선물","배우","감독","거","뻔","스토리","재","재방","방","껏","이것","현실","배우","번째","눈물","밖","말","사람","수","마음","때","소원","애기","연기","왤","ㄷㄷ류승룡","웃음","감동","동시","영화","옛날","지금","억지","코미디","장르","해피앤딩","터","영화","영화힘","힘","권력","무죄","여기","배우","억지","억지울음","울음","때","때","8","8점","점","경찰청장","럼","라","눈물","동진","동진이형","이형","평론가","지금","영화","죄","사람","교","교도서","도서","지금","경찰","발","증거","증거확보","확보","진짜","주위","조두","조두순","순","사형","나","이기적","생각","정의","삽","삽시다","시다","현실","대부분","침묵","강자","강자편","편","나라","장애인","차별","사실","비하","댓","댓글","글","무엇","돈","권력","권력앞","앞","약자","희생","현실","수","스토리","스토리구만","구","만","뭐","억지","감동","배우","연기력","극찬","감독","배우","배우분","분","감사","군대","이등병","당시","종교","종교행사때","행사","때","교회","영화","자","3","3중대","중대","집합","눈물","부대","기억","나","하나","눈물","남","영화","슬픔","열기","열기구개","구개","바","눈물","ㅈ","각본","대스타","출연","영화","관객","이유","감성","감성팔","팔","나","조","조차도","차도","영화","볼","눈","앞","5","5분","분","장면","한국판","아이","아이엠","엠","샘","연기","시나리오","박","박신혜","신","혜","아기","류","류승룡","승","룡","영화","천만","우리","우리나라","나라","발전","오래전","감동","기억","내용","전개","영화","배우","오늘","한번","영화","6","6번","번","때","감동","가슴","내","인생","인생영화중","중","하나","하나임","임","발","신파","신파신파","파","억지","영화","천만","한국형","신파","시작","말","사건","범죄자","용구","게","다음","마지막","예승","테","장면","덤","천만","천만영화","영화","주인공","개","말","신파극","천만","어이","눈물","녕","실소","나","오드","점","점뻔","뻔","배우","연기","수","설","로","커버","가능","영화","오랜만","쓰래기","눈물","눈물강요","강요","범죄자","범죄자미화영화","미화","영화","억지","눈물","시간","영화","굿","굿굿","집중","장거리","비행","타임","타임킬러","킬러","적당","웃음","눈물","시도","짜증","유발","배우","연기","류승룡","박수","겐","겐지충","지충","류","류승룡","승","룡","기모","기모찌","찌","아역","배우","6","6점","점","배우분","분","연기","배우","연기","인상적","문맹","건달","형님","설정","현실","일","영화","안","보신","분","한번쯤","추천","내가","별","별점","점","8","8점","점","배우","때문","연기력","개연성","나머지","요소","0","감동적","웃음","류","류승룡","승","룡","등","명배우","연기","영화","빛","허","허전하군","전하","군","8","8점","점","종합","평점","7","7점","점","감정","딸","판타지","코믹","눈물","눈물바다","바다","배합","듯","영화","봣","류","류승룡","승","룡","연기","류","류승룡님","승","룡","님","예승","콩","영화","때","스토리","작품","영상미","중요","원래","내","기준","기준대로","대로","나","평점","객관적","필요","겐","감동적","딸","사랑","마음","표현","류","류승룡","승","룡","연기","연기짱","짱","영화관","집","추석","추석때","때","눈물","조금","렀","영화","ㅜ","ㅜㅈ","ㅈ","개연성","영화","재미","류","류승룡","승","룡","배우","연기","코믹","코믹요소","요소","세","영화","생각","유명","진심","눈물","영화","영화관가","관가","때","울엇","데","추석","티비","엇네","감동","재","재밋","밋","넘","완전","완전감동","감동","거","다","영화","영화","엉","어우","영화","일부","사람","나","편","감정","입","제대","혼자","말","필요","번","감동적","영화","음","음ㅗㅇ묑","ㅗ","ㅇ","묑","ㅁ","ㅁ4ㄱ","4","ㄱ","흑","정도","수준","영화","감동","배우","의","연기력","때문","류","류승룡씨","승","룡","씨","연기","짱","영화","억지","류승룡","연기","나","10","10점주곘","점","주","곘","마지막","부분","눈물","영화","영화","영화보고","보고","적","처음","연기","연기진짜","진짜","듯","눈물","눈물콧물","콧물","감동적","영화","ㅡ","진심","울음","빵","배우","영화","본","중","내가","본영화","젤","펏","이것저것","평가","인간","수","감정","영화","영화","유가족","경찰","경찰청장","청장","의","횡포","때문","사람","결국","희생","방영","볼만","영화","감동","허구","펏","한번쯤","영화","요감","배우","스토리","감동","최강","영화","돈","명예","권력","끝","흠","영화","영화보고","보고","운","운건","건","처음","졸작","뭐","소리","개인적","영화중","중","최고","말","역대","본","본영화중","영화","중","대성","대성통곡","통곡","여운","재","재밋게","밋","게","본","본영화","영화","굿","굿굿","그","영화","영화속","속","사람","생각","가슴","ㅠ","영화","눈물","처음","강추","예승","스토리","억지","눈물","눈","보임","건","배우","연기","연기","이건영","스토리","배우","연기력","영화","쪽","부분","기분","사람","굴복","수받","대한","대한민국","민국","모습","한국","한국영화","영화","고질적","억지","억지설정","설정","이번","이번만큼","만큼","이","사랑","소원","소원이후","이후","평가","평가절하","절하","나","이것","현","현실적","실적","영화","기대","억지","말","부분","감정","매","매마른","마른","제눈","눈물","하다니ㅜ누구라","예상","예상가능","가능","뻔","스토리","연출","연출등","등","몰입","몰입도가","도가","걸","배우","배우","연기력","ㅎ","ㅎㄷㄷ","ㄷ","개","간만","몰입","번","겉모습","판단","거","번","영화","이것","10","10점","점","딸","예승","교도소","안","등","판타지","요소","신파","배우","열연","현실","수","이야기","이야기이기때문","이기","때문","몰입","자식","유치","서도","마음","딸","딸앞","앞","바보","나","수","ㅏ","연기","ㅏㅏ","마음","영화","감동적","영화만큼","만큼","거","거같에","같에","ㅠ","ㅠ암","암","볼만","한번","보","보셈","셈","영화","억지","배우","연기력","별","별다섯","다섯","눈물","나이","40","티비","눈물","감동적","감동적","감동적","아쉬움","영화","영화관","눈물","구성","맘","배우","연기","인상","기평","답","한데","배우","연기","잼","감동","때","배우","열연","부족분","상쇄","분","분명","명","영화","불쾌","신파","소재","생각","내용","음","주연","조연","영화","개인적","류","류승룡씨","승","룡","씨","시크릿에서","악역","최고","관객","눈","정확","감정","뿐","화살","비누","비누향기","향기","배우","연기","경찰청장","변호사","때문","내용","억지","면","배우","연기","웃음","웃음코드때문","코드","9","9점","점","스토리","결말","연기","자체","최고","배우","영화","셈","한국","한국영화","영화","문제","표본","관객","관객동원","동원","기","연출","천박","짐","말기","학","흥행","작품","배우","연기","재미","영화","영화","비난","이유","생각","본인","기준","뿐","결국","자신","배타성","정도","인증","듯","중간","부분","영화","집중","나","냉혈","냉혈인도","인도","이거","사람","감정","양반","진심","스토리","배우","개성","연기","눈물","수","영화","상황","생각","영화","출연진","연기","대중","대중영화","영화","내용","내용자체","자체","별거","배우","영화","듯","눈물","유도","눈","감동","시대","착오","신파","신파물","물","배우","명연기","영화","이유","열기구","열기구부분","부분","려다","실패","분","ㅋ","ㅋ현실감직통","현실감","직통","분","그것","추천","현실적","현실적내용","내용","상상화","표현","거","그","마음","둘","듯","몰입","사","사법원","법원","악역","여","그것","영화","ㅇ","어","어ㅂㅅ으","ㅂ","ㅅ","으","그렇갯지","이거","내가","감수성","줄","진심","진심짱","짱","운","영화","영화중","중","하나","됬네","눈물","감동적","재","재밋어","밋","어","눈물","가슴","눈물","눈물샤워","샤워","눈물","세수","적","처음","진짜","내가","눈물","한데","영화","영화","영화중","중","슬픔","슬픔ㅜ","ㅜ","봄","아빠","짐","사회적","약자","불공정","부분","이","이마이","마이","줄","오열","연기력","몰입","몰입도가","도가","영화","눈물","콧물","가족","가족애","애","수","오랜만","가슴","최고","영화","눈물","사람","자신","포인트","수","생각","말해","말해라배우","라","배우","몫","반","감독","철학적","철학적관점","관점","제시","배","가슴","최고","영화","감동적","영화","영화ㅠ","ㅠ","코미디","눈물","처음","끝","영화","죄","가난","사람","덤","덤탱","탱","사건","반성","줄","재판","용서","술","술취한","취한","우범","형","감면","바보","최고","영화","장르","코미디","코미디라","라","절대","영화","1","1점","점","말","점수","사람","때문","11","11점대신","점","대신","10","10점","뭐","스토리","연출","류","류승룡","승","룡","소원","연기","감독","작가","배우","절해","영화","감성","감성팔","팔","영화","1","1점","점","주기","우리","한국","한국영화","수준","정도","이것","관객","1100","1100만","만","내","인생","한국","한국영화","영화","중","최고","연기","뻔","어색","영화","슬픔","데","뻔","눈물","콧물","쒸","영화","현실","비교","대","대러","러","감독","의미","밑","임","배우","연기","영화","번","감동적","자신","제가","영화","영화중","중","최고","수","평점","처음","시간","시간나시","나시","예승","감사","영화","진짜","책","사서","사서보고","보고","영화","2","2번","번","재","재밋게","밋","게","봣","현실감","없엇지","영화","번","마음","영화","아빠","사랑","듯","듯생각","생각","평점","대박","이때","영화","처음","평","평새","새","눈물","오늘","안보","안보신분","신분","환경","감독","감동적","감사","별","별다섯개","다섯","개","영화","오랜만","영화","영화보고","보고","한국","한국영화","재","재밋구","밋","구","슬픔","캐스팅","연기력","연출","참","완벽","소재","거","최근","일","일년","년","저","맘","최고","영화","감동적","감동","끝","연기","후회","영화","추천","영화","2","2번","번","이상","영화","슬픔","아이","아버지","경찰","고위","고위관직","관직","놈","변호사","판사","첨","끝","영화","감동적","세상","성공","사람","환경","긍정적","노력","예승","감동적","영화","안보","후회","감동적","짱","억지","영화","대박","감동","대박대박","스토리","스토리구","구","흥","흥흥해라","흥해","라","영화","탄생","감탄","자차","저","감정","감정이입","펏","이입","펏고요","고요","감동","강요","처음","생각","처음영화","영화","점","사형","사형제도","제도","가지","사건","사례","권력","악용","일","원칙적","폐지","폐지되야","되야","연기","감동적","감동적","음","예승","콩","비타민","진짜","배우","연기","감동적","영화","오랜만","감동","영화","아빠","사랑","영화","영화엿","엿","개","개빡","빡","재미","하구만","당신","자식","사랑","가족","감동","영화관","다행","화가","나","감동적","이것","거","폭풍","웃음","눈물","쩡","쩡말짱","말","짱","듯","봄","아침","부모","심정","강한","아빠","배우","눈물","감동","대박","재미","감동","봄","짱","재미","감동","영화","굿","감동","눈물","재미","오락","만족","수준","폭풍","폭풍눈물","눈물","감동","배우","호연","영화","그것","억지","억지눈물","눈물","내기","영화","개연성","눈물","니","사람","감정","영화임","임","음","지금","영화","영화중","중","재미","재미감동","감동","댓","댓글","글","훔","나름","기준","관점","사람","나의","판","판단지","단지","말","말밖","밖","대박","나","말","작가","영화","감격","굿","말","필요","울음","씨","처음","끝","집중","진짜","대박","대박ㅋ","ㅋ","영화","짱","재미","재미감동","감동","선사","영화","몰입","수","영화매니아","매니아","추천","이거","사람","생각","억지","억지눈물","눈물","머리","머","말","영화","현실","개념","모든","모든영화","졸작","명작","베","베트맨","트맨","다크나이트","개","개졸작","감동","쓰나미","영화","코미디","사람","마음","눈물샘","자극","감동적","휴","여운","가시","말","부분","배우","연기력","감동","커버","ㅇ","실제","무고","죽음","스토리","조연","연기","영화","영화보고","보고","울기","처음","영화","눈물","10","10년도","년도","처음","감옥","안","말","상황","연속","작정","영화","무엇","예","지금","누구","법","최고","눈","마음","눈물","굿","굿","쵝","폭풍","눈물","영화","마지막","생일날","얘","말","조","저","영화","영화중","중","최고","최고구","구","감동","말","영화","남자","눈","눈물질","물질","감동적","최고","아버지","생각","눈물","개인적","영화","10","10점","점","영화","짱","예승","사랑","쵝","쵝오","오","오늘","잼","감사","이거","쩌로","감동적","눈물","오랜만","배우","연기력","거","내용","머","혼자","대박","대박작품","작품","눈물","영화","ㅠ","재밋었어","장르","코미디","코미디영화데","영화","데","여기","현실성","유치","유치하다","하다","사람","가요","내용","배우","연기","요즘","아역","사람","주연급","연기력","승부","승부하다","하다","재미","감동","쓰레기","병","병맛","맛","드라마","주구","한국","쓰레기영화","영화","마찬가지","기대","감동","관객","눈물","콧물","감동적","영화","내","마음","곳","뒤","최고","감동적","감동적","폭풍","폭풍눈물","눈물","슬픔","억지","면","대박","대박감동","감동","감동적","슬픔","비현","비현실적부분","실적","부분","영화","영화보고","보고","설정","억지","영화","눈물","오랜만","감동","됬죠","감동적","굿","굿굿굿","마음","영화","이정","영화","누구","추천","거","열","열번","번","듯","ㅜ","흑","ㅜ","여","영화","악플되","애","인성","의심","아쉬움","권력","면","영화","마음","표현","최고","급","급영화","감동적","만족","수준","수준이하","이하","우리","우리나라","나라","부정","사회","사회현실","현실","영화","가슴","영화","저능아","연기","저질","저질영화","영화","최고","감동","영화","예승","비","미","미뉴","뉴","최고","감동","영화","류승룡","예승","연기","잼","천","들","영화","거","재","재밋고","밋","고","감동","감동적인영화","적인","영화","안본","안본사람","사람","재미","재미짐","짐","재미","감동적","ㅠ","영화","시작","예승","딸","ㅠ","처음","재미","굿","감동적","말","최고","대박","한살","한살때","때","아빠","이","영화","한번","회상","감사","처음","눈물","저","감동","영화","따듯함","느꼇습니","최고","펏","ㅠ","내용","눈물","실수","9","9점","점","로그","10","10점","영화","눈물","대박","감동","본적","처음","감동적","간만","감사","천만","영화","ㅉ","ㅉㅉㅉㅉㅉ","ㅉㅉㅉㅉ","코미디","표현","사형","반대","주장","영화","원초적","슬픔","감정","자극","주제","현실","일","내가","위안","정도","연기","스토리","우리","마음","작품","ㅠ","이거","눈가","명작","작품","제대","요","늑대","늑대소년","소년","이후","처음","영화","스토리","완전","완전사랑","사랑","ㅠ","눈물","수","영화","영화관","관","집","감동적","2013","2013년","년","영화중","중","가치","권력","권력앞","앞","죽음","10","10점","점","슬픔","눈물","콧물","최고","영화","듯","가족","감동","감동영화","영화보고","보고","재미","사람","무엇","가슴","영화","눈물","만큼","감동","선사","오랜만","눈","억지","감동","ㅠ","말","강추","감동적","영화","본적","년","년전","전","이거","참고","눈물","낫","나","줄","ㅋ","움","혼자","폭풍","폭풍오열","오열","10","10점","점","만점","최고","영화","분석","논문","잼","하구만","ㅋ","재","재밋기만하구","밋","기만","하구","전문가","납","납셧네","셧네","진짜","최고","영화","최고","감동","쵝","작품","우리","우리나라","나라","해결","장애","장애우","우","갈등","갈등문제","문제","권력","이야기","표현","영화","생각","울음","하나","우신분","신분","데이","생각","작품","유치","코미디","코미디영화","영화","줄","가지","복합적","가있","가있음","음","처음","영화","평점","오랫만","영화","느낌","별","쓰레기","쓰레기영화","영화","호들갑","말","쓰레기","최악","개연성","차치","영화","별","별1개","1","개","로그","로그인","인","소재","연기력","눈","거","연기","단어","한국","한국영화","영화","쓰레기","주인공","연기보고","보고","10","10분","분","처음","아빠","대","장애","장애우여","우","여","감정","입","끝가지","시간","딸","결합","누","현실","구제","구제불능흉악범","불능","흉악","범","없는사형","영화","왤","저","2","하모니","장","장애","애","연기","최","최악의","악의","영화","극장가","안보","안보길","길","다행","영화","감동","분노","글","부","부정의함","정의","함","정권","살해","인간","결말","우매","민중","문","감옥","이별","편파적","감옥생활","이별장면","편파적조명떄","생활","장면","조명","떄","피고인","넘","억지","난","극장","돈","진심","진짜","하나","감정","입","입하나","이것","내고","듯","시간","전개","개","개드립","드립","허세","황","연출","영화","엉터리","천만","천만관객","관객","ㅋ","한국","나","저주","한반도","한민족","개","야만적","미개","마루","집단","니들","깝칠","깝칠수록","수록","장애인","사형","판결","북한","말","안대","스토리","감옥소","죄수","들","헤어","스타일","삼류","삼류영화","영화","쌈","쌈마이","마이","연기자","최소한","스포츠","머리","예의","연출","이","사극","등장인물","파마","염색","하등","차이","시간","가기","최악","감정","감정팔","팔","영화","죄수","미화시킬려","영화","흥행","우리","우리나라","우리나라영화","나라","발전","수","가슴","손","말해","이것","1","1점","점","영화","점수","점수분표","분표","여자","빵","거","심해","쓰레기","제휴","1","1만원","만","원","저작권","ㅋ","극장","쓰레기","제작사","개","말","상황","고","강요","영화","장면","로","울음","화","이","관객","관객수","수","영화작품","작품","별개","걸","한편","영화감상","감상","자","억지","감독","사형","사형제도","제도","모순","이야기","찬성","조두","조두순","순","오","오원","원","쓰레기","청소","어거지","어거지내용","내용","영화","애초","정신","정신이상자인분","이상","자인","분","아동","아동성폭행","성폭행","논리","만약","이","영구","영구씨","씨","분","누명","사형","사건","실제","한국","억지","저","10","10조","조","심신","심신장애자","장애자","심신장애","장애","사물","변별","능력","의사","결정","자의","행위","벌","전항","형","감경","위험","발생","예견","영화","짜집기","억지","스토리","눈물","자극","엔딩","엔딩부분","부분","현실성","스토리","전형적","한국식","억지","눈물","써니","이후","실망","영화","처음","참고","4","4개월전","개월","전","극장","1","1인","인","상업","상업영화","영화","개","개1소리","1","소리","아이","넘어졋다","대가리","말","말읍","읍","눈물","짜낼려","연기","스토리","휴","영화","사랑","분","마세","화","지경","억지","억지슬픔강동","슬픔","강동","네티즌","전문가","전문가분","분","평점","6","6점","점","정신적","능력자","대","문제","이용","공중파","방송","영화사","돈","국민","우롱","드라마","드라마수준","수준","영화","나","레","최악","억지","억지설정","설정","반개","영화","이것","영화","시방","장애인","장애인무시","무시","무죄","작가","ㅆ","ㄱ","듯","감동","빡치기만하는고","영화","가방","가방가게","가게","손님","장애인","거","껏","그전","계속","연기","장면","허접스러웟긴했지","이","9","9점","점","눈물샘","나","눈물","씨","씨발","발","졸작","작위적","감동","화가","가난","사람","돈","권력","이","기대","충족","영화","후반","류","류승룡","승","룡","연기","정도","주연","인생","자체","비참","캐릭터","학대","감동","표현","거","결국","네이버","평점","속고","천만","영화","듯","억지","상황","감동","녕","화","5","점대","영화","감성","감성팔","팔","최악","좆","좆노잼","노","잼","극장","안보","안보길","길","다행","억지","억지설정","설정","억지웃음","웃음","어이","나","영화","수","우리","우리나라","나라","존","욕","미숙","미숙영화","본보기","비추","극장","떄","감동","1","1월달이","월","달이","지금","상영","상영중","중","ㅉㅉ","ㅉㅉ한국영화시장","한국","영화","시장","대기업","횡포","횡포때문","때문","상영기회","기회","뺴","거","역대","역대흥행순위","흥행","순위","시장파괴","파괴","내용","응","나","당신","생각","과","종자","보우","범죄자","옹호","해","해라","라","들어가있는애들","한둘","줄","니","가족","가족자식","자식","잼","말자","연기","허","허접","접","범죄자","미화","쓰렉","영화","평","평점","점","1","1점","점","말","스토리","몰입","천만","천만관객","관객","범죄자미화좀","아이","아이엠샘","엠","샘","발","발끝","끝","앞","사형수","옹호","영화","윈","말자","사형","말","설정","감성","감성팔","팔","마라","2","34","34천원","천","원","이해","이해가지","가지","만원","거","국민","정도","돈","돈벌레ㅅㄲ","벌레","ㅅ","ㄲ","들","원","극장","아침","근처","스크린","점유율","관객","3","3명","명","대기업","횡포","1300","1300만","만","개뿔","영화","계속","흥행","한국","한국영화","발전","호구","관객","마지막","30","30분","분","정도","뺨","후","연출","대본","모두","막장","연기","감독","앞","영화","뭐","뻘","뻘소리","소리","하지","말길","감동","허용","법","무시","대한","대한민국","민국","죄인","스토리","방","용서","문제","범죄자","이용","눈물","조폭","조폭영화","영화","미화","거랑","이거","뭐","으리가","없당","비현","비현실적","실적","이정","이정도로","도로","캐릭터","애초","감방","가지","니들","딸","강간","조폭","죄수","영화","신물","거","정리","범죄자","치","억지","장애인","억지","억지눈물","눈물","거","방울","저","발","발판","감동","감동스토리","스토리","마라","밑","웅","평론가","평","전적","동의","강제","노력","끝","영화","스토리","눈","뻔","몰입","결국","욕","영웅","영화","의리","날","여자","오열","만듬","봄","청장","국선","개","놈","흉악범","미화","교도소","우정","의리","장소","말","쓰레기","영화","뿐","애","이","천만","천만관객","관객","ㅉ","ㅉㅉㅉ","ㅉㅉ","개","쓰레기","영화","사람","개","기항","라","이해","기","의리","실종","으리도","9.05","9.05야","야","7","7번빵","번","빵","으","으리","리","으","으리가없는","리","가없는","영화","껍데기","뿐","외","으리","전형적","식상","ㄷ","ㄷ영화","영화","교도소","미화","영화","개념","교도소","의리","의리","수준","하의","하의졿","졿","졶","나","유치","마라","진심","돈","후회","현실","모습","범죄자","범죄자미화","미화","범죄","범죄피해자","피해자","한숨","뿐","노","노잼","잼","내용","감동","영화","관객","10","10점","점","멍청이","이해","억지","억지감동","감동","평점","멍청이","범죄자","미화","영화","이상은","으","으리","리","별","별점도","점도","감성","감성팔","팔","우껴볼려","유머","유머코드","코드","나라","안","1","1점","점","진짜","진짜평점","평점","개","개망","망","오즈","마법사","우","한국","한국영화","영화","평점조작단","조작","단","레","토","억지","억지감동","감동","억지내용","내용","교도소","열기구","때","때진짜","진짜","무엇","애","이유","긴장감","제작비","연기","영화","영화대신","대신","때문","감","최악","영화","시간","어린아이","장애인","고통","ㄴ","내용","정신","정신고문","고문","영상","강제","느낌","토","말","싸구려","판타지","범죄자","미화","억지","감성","감성팔","팔","한가지","연기력","천","관객","앞","한국","한국영화계","영화계","이","바","무엇","여러분","생각","진심","억지","눈물","일","일베충이","베","충이","으","으리","리","영화","생각","선동","여자","10","10점주지","점","주지","고","깡패","미화","영화","쓰레기","쓰레기통","통","속","관심","ㄴ","영화","앞뒤","하나","밑","끝","최악","군중","군중심리","심리","작용","영화","웃음","감동","억지","뻔","천만","우리","부부","둘","이해","안가","영화","영화","인기","우리","우리나라","나라","관객","수준","수","작품","을","만들기","상품","한국","한국영화계","영화계","쓰레기","말","상황","눈","영화","번","저희","아빠","생각","거","나이","부모","자식","그리움","눈물","감동","마지막","슬펏어","티슈","5","5장정도","장","정도","사용","오래간만","콩밥","지네","눈물","콧물","딸","사랑","아빠","마음","마음내가","내가","말","말때문","때문","죽음","선택","좋운","영화","아이","최고","가족","영화","감동","지금","3","3번째","번째","번","거","추천","추천합","합","니","닷","개","류","류승룡","승","룡","때","나","눈물","영화","번","눈물","영화","완전","판타지","기반","코미디","감동","방향","터","작품","한국","영화계","획","이것","못","아류","아류작","작","나","개연성","뜻","이해","사람","듯","눈물","눈살","신파극","감동적","배우","연기","영화","예승","영화","배우","배우분","분","연기","작품","출연","류","류승룡","승","룡","무엇","최고","응원하","11","11점","점","1","1점","ㅠ","눈물","2020","2020년","년","영화","라","ㅠ","소재","한국","한국영화","배우","연기력","억지","연출","짜증","뿐","타이핑","시간","국내","최고","쓰레기","항소","기각","참여","참여재판","재판","1","1심","심","마지막","탈옥","탈옥장면","장면","담장","덩","위치","배심원","개판","영화","감동","우려","발악","갓","10","10점","점","무조건","처음","때","끝","뒤","티비","중간","밖","뒷부분","규","현실성","사람","거","작","배우","연기","류승룡","폭","폭망","망","걸작","눈물","스토리","완전","쓰레기","놈","구걸","연출","짜증","닛","닛ㄱㅇㅀ","ㄱ","ㅇ","ㅀ","해","이것","영하","ㅑ","눈물","부성애","영화","장애인","연기","정민","류승룡","등장인물","모두","남","ㅠ","슬픔","억지","감동","신파","천만","만","영화","인생","변형","변형판","판","경철","경철청장","청장","땜","류","류승룡죽음","승","룡","죽음","말","배우","연기","대박","소재","배우","현실","누명","누명조작","조작","아픔","밖","점","표지","개","개유치","유치","거","안본","안본영환데","영","환","데","오늘","판타지","판타지급","급","현실","현실내용","내용","행복","점수","내가","감동","설명","주인공","연기력","거","외","아무것","기억","설정","영화","천만","ㅈ","말","봄","봄연기","연기","듯","듯캐스팅","캐스팅","하군","원래","비평","내","인생","최악","영화","1000","1000만","만","기대","거","이","정보","1","1점","점","국민","조롱","조금","말","실","작품","단순","천","영화인","건","과장","천만","천만영화","영화","기구","고정","고정끈","끈","결과","상상","가슴","영화","감동적","영화","명작","재","재밌었","밌었","내용","슬픔","슬픔ㅠ마지막","ㅠ","마지막","때","눈물","ㅠ","눈물","스토리","데","뭐","좌파","영화","소리","집구석","우파","생각","한국","보수","친일파","친일파졸부","졸부","선동","억지","감성","감성팔","팔","사람","진짜","감정","감정공감능력","공감","능력","무엇","영화","거","감동","자체","나","다","배우","명작","예승","감옥","설정","조금","문제","영화","폭풍","폭풍감동","감동","폭풍눈물","눈물","영화","배우","연기","진짜","내용","말","이상","말","필요","경찰청장","딸","이유","사람","한","9","9점","점","영화","스토리","최악","배우","압권","감동적","영화","내용","우리","우리나라","나라","현실","억지","설정","하나","때문","군대","울음","부분","거","인정","열기구","열기구장면","장면","전형적","억지","억지감동","감동","감동적","영화","우리","엄마","영화","댓","댓글","글","처음","오열","평점","사람","이해","정","정진영","진영","보안","보안과장","과장","특별","출연","니","충격","영화","오랜만","나름","감동적","영화","억지","구","구식","식","한국","한국영화","영화","스타일","감정","호소","눈물","노력","처음","끝","거","3","3류개그","류","개그","3류","시나리오","배우","연기","2","2점","점","설정","스토리","눈물샘","자극","배우","열연","영화","정말","눈물","범죄자","영화","주인공","연기","맘","7","7점","점","상황","몰입","화","처","현실","굴복","수","주인공","명품","명품배우","배우","주","조연","연기","딸","아빠","눈물","주체","곤란","판타지","영화","다큐","인간","뭐","억지","설정","눈물","식이","마음","식","영화","최고","해","배우","연기","앞","식","별","감동적","웃프","10","10점","점","9","9점","영화","환타지","이해","감동적","영화","아빠","사랑","배우","감동적","영화","가지","의미","웃음","눈물","동시","수","진짜","년","년만","만","눈물흘렷","흘렷","번","눈물","듯","어제","채널","내","생애","최고","영화","배우","연기력","연기력외","외","억지","식","전개","이상","이하","이거","3","3번","번","정도","다","감동","제","제평점","평점","배우","배우빨","빨","10","10점","점","영화","0","0점","연기력","연기","대박","진짜","진짜감동적","감동적","영화","ㅠ","류","류승룡씨","승","룡","씨","딸","연기","연기때문","때문","몰입","수","지금","슬픔","고작","때문","세일러","세일러문가방","문","가방","ㅡ","감동","웃음","스토리","감동","배우","연기","영화","재","재밋고","밋","고","영화","한","편의","동화","아버지","사랑","감동적","배우","배우분","분","연기","연기짱","짱","영화","키보드","ㄷ","ㄷㄷ","부조리","사회","사회현실","현실","영화","나라","발전","영화","바탕","사건","실제","주인공","발생","39","39년","년","만인","2011","2011년","무죄","확정","판결","완전","감동","영화","오랜만","건","거만","만점","턱","스토리","감동적","눈물","배우","연기력","게","게천만","천만","극장","운","영화","ㅠ","배우","연기","빵","부분","괜챃지","이것","1200","1200만","만","생각","이해","이해불가","불가","남","조금","부족","아빠","사랑","억지","부자연","요소","예승","예승이의서로","이의","서로","나름","배우","연기","연기일품","일품","1","후진국","움","움2","2","혜","3","딸","아빠","아빠5점","5","점","1점","영화","짜깁기","거","스토리","편","소원","말","네이버","출연자","정","정진영","진영","수","영화","연기력","배반","이야기","연출","눈물","눈물콧물","콧물","영화","사형장","직전","하나","둘","셋","나","봉","여운","터","마음","결국","감독","여운대신","대신","류승룡","연기","감동","후","초반","화","영화","후반","계속","마지막","방울","신파극","내","인생","인생영화","영화","자체","작","지금","번","ㅠ","영화","현","현실적","실적","평점","평점테러","테러","이유","대부분","세상","꿈","3","3번","번","휴지","통","정도","영화","가족","감동적","얘기","마음","간만","영화","평점","8.8","어처구니","영화","현","현실적","실적","하나","신파","신파신파","억지","억지감동","감동","배우","배우분","분","연기","칭찬","즙","영화","이상","이하","작","명작","이용구","예승","예승이의","이의","감정","감정연기","연기","이거","잼","암","야","소재","장애인","말투","개그","로","소비","당시","개","개콘","콘","주인공","과장","나","생각","가족","가슴","식상","한국식","억지","억지감동","감동","최루성","코미디","영화","웃음","감동","신파","나머지","영화","자체","작품","비빔밥","고추장","밥","예전","영화","가족","오빠","오빠놈","놈","눈물","영화","자체","억지","유치","눈물","1","1점","점","영화","감성","감성팔","팔","눈물","연출","정의","이름","용서","대사","한국","관람객","수준","수준보소","보소","ㅉ","ㅉㅉ","유","기구","때","상실","나중","신파","목","무엇","눈물","기니","뭐","전문가","코","코스프레여","스프","레","여","감성","포","포터","터","터지네","지네","마음","때","눈물","오늘","내용","작가","온정","동심","추억","열기구","라도","사람","특","특벼","벼","동화","발상","생","럽","감","관객","초점","영화","제작","느낌","30","30대","대","혼자","영화","말","몰입","안됨","억지","연기","끝","예","예승","콩","비타민","영화","10","10점","점","괴물","천","류승룡","소원","진심","진심담","담","연기","영화","현실감","부족","눈물","영화","천만","건","한국인","정","걸","내용","유치","배우","연기","짱","짱짱짱","오랫만","눈물","영화","자기","생각","욕설","비방","비방글","글","자제","합","합시다전","시다","전","감동","감동감동","ㅋ","최고","감동적","영화","웃음","눈물","황금","황금비율","비율","이야기","구성","어찌됬던간","한국","한국사람","사람","정서","고려","영화","류승룡","명연기","감동","영화","우리","한국","거","생각","매","장면","장면장면","감동","영화","기억","듯","최고","영화","영화관","관","연기력","스토리","좋앗","눈물","영화","감동적","장면","연출","외","내용","상업적","이익","자체","생각","배우","연기","명작","명작임","임","이거","천만","관객","이끄게","배우","명연기","박수","감동","완전","배우","연기력","장난","스토리","스토리상의","상의","감","감동의","동의","여파","영화","비현","비현실적","실적","뻔","스토리","영화","1000","1000만이라니","만이","라니","우리","우리나라","나라","수준","연","연기자","기자","연기","뿐","말","억지","억지감동","감동","영화","나","동심","감동적","진정","아버지","사랑","수","영화","억지","눈물","말","명작","비난","나","ㅜ","어른","어른동화","동화","표방","억지","억지눈물","눈물","현실성","사람","자체","영화","줄","안달","머리","장식","이해","족속","배우","연기","수준급","내용","기우","감동","라지","사회","개판","식","전개","후반부","짜증","묻친","영화","감동적","그","생각","거리","감동","어디","진짜","개연성","억지","끝","눈물","작위적","쌔드","쌔드앤딩","앤","딩","따위","이것","천만","나","설정","말","스토리","개","개억지","억지","감동","조장","거","경찰청장","자기","딸","사고사","줄","용구","이유","어거지","상식적","이해","가지","눈물","조연","영화","박신혜","뻔","현실성","쪽","생각","영화","엄마","부여","현실성","제로","울음","거","ㅋ","열기구","이전","감동","뭥","뭥미","미","부모","영화","딸","30","40","부모님","공감","하면","5","5점이하","점","이하","줄","영화일수","일수","열기구","부분","풍선","상징화","조금","미스","해피엔딩","1","1점","점","해피엔딩","끝","끝났으먄","났으먄","진짜","진짜감동적","감동적","류","류승룡씨","승","룡","씨","소원","소원양","양","연기","딸","아빠","사랑","감동적","영화","이전","과거","지금","2020","2020년","년","누명","수","현실","감옥","아이","설정","현실성","부족","그것","영화","일부분","아빠","연년생","아이","영화관","영화","영화보고","보고","눈물","눈물콧물","콧물","가족","중함","충전","집","길","기억","감동적","류","류승룡","승","룡","님","연기","최고","최고입","입","1200","한국","영화","수준","이것","천만","5","5번","번","오열","인생","영화","우리","우리나라","나라","영화","관객","관객수","수","눈","눈물량","물량","비례","ㅅ","ㅅㅂ","ㅂ","이거","돈","돈주고","주고","애","진짜","개돼지","개돼지임","임","1","1점","점","쓰레기","쓰레기영화","영화","쓰레기","거","시간","쇼","쇼생크","생크","탈출","영화","이것","천","영화","장애인","사람","관객","동정","이","중","눈물","수","분","억지","뺨","영화","내","인생","영화","영화중","중","하나","눈물","슈퍼","쓰레기","나","가난","빽","꿀","꿀잼","잼","억지","억지눈물","눈물","늬들","감동적","거지","니","눈","눈구멍","구멍","눈물샘","탓","말","평점","균형","1","1점","점","눈물","수","영화","명품","명품배우","배우","연기","스토리","영화","눈물","이","분","감수성","내용","억지","진짜","고","열기구","벽","사진","한글","한글공부","공부","거","민망","수준","억지스토리","스토리","배우","아역","성인","성인연기자","연기자","연기","영","눈물","영화","영화연기력","연기력","최고","작품","식상","신파","자체","천","영화","미스","미스테리","테리","눈물","눈물콧물","콧물","모자","모자라","라","영화","후","가슴","한참","배우","연기","감동적","승아","콩","감동","감동덩어리","덩어리","우","우웩","웩","소름","작위적","신파","실망","ㅠ","재미","엉망진창","설정","말","내용","내용진행","진행","마지막","류승룡","장면","사실","한국","한국영화안보것","영화","안보","평론가","개인","취향","무시","니들","댓","댓글","글","어이","감동적","사람","있있","모두","댁","생각","감정","건","인간","눈물","감동적","영화","엉","감동적","중간","최고","최고예","예","ㅜ","최고","재","재밋","밋","영화","한국","영화","영화수준","수준","정도","작품","1","1점","점","바","아이","엠","샘","80","80년대","년대","레인","맨","을","보시","보시길","길","바","바랍니","랍니","예승","예승아빠","아빠","죄","경찰","경찰장","장","처","캐릭터","학대","눈물","관객","영화","눈물","우리","우리나라","우리나라1000","나라","1000","관객","영화관","안보","안보길","길","조금","내가","사람","데","기대","몰입","참","5","5점이상","점","이상","뭐","사형수","미화","영화","극중","주인공","사형","거지","나머지","나머지색기","색","기","들어간거잖","애","애색기가","기가","감옥","지","말","억지","억지눈물","눈물","내기","재미","감동","억지","전개","생각","볼만","영화","정말","감동적","영화","제가","눈물","남자","남자사람","사람","이","감사","배우","류","류승룡","승","룡","걸","애드벌룬","애드벌룬씬","씬","알","천만","관객","때문","눈물","개","소나","천","너","나","감성","감성팔","팔","환경","감독","감독영화","영화","스토리","스토리엉망","엉망","마지막","마지막감동","감동","그것","배우","연기","한국","한국영화","영화","중","유일한","최고","작품","개연성","완전","주인공","비현","비현실적","실적","야만","야만적인","적인","폭력","동정심","유발","감동","영화","이것","천","영화","영화라니","라니","극찬","정돈","ㅡ","ㅡ이","이","눈","눈새끼","새끼","배우","10","10점","점","개연성","작위적","감정","강요","각본","연출","0","0점","본과","파워","3","3점이상","이상","수","억지","억지설정","설정","영화","딧","한국","영화","수준","관객","운운","지가","척","평점","이정","거","니들","소수","이상","거지","취향","사람","억지","억지감동","감동","과장","연출","0","0점","점","1","1점","부정적","평","전","눈물","안","코믹","감동","눈물","내","뻔","스토리","결말","우리","우리나라","나라","통","상업","상업영화","영화","특징적","특징적코드","코드","천만","천만관객동원","관객","동원","의","공식","불편","말","표현","수","감동","영화","번","공권력","분노","부성애","내","인생","최고","추천","혜","혜짱","짱","돈","움","이것","영화","애","평점","이유","냉","필요","언플","천만","천만관객","관객","농락","당","거","웃음","슬픔","감동","전부","내기","눈물","느낌","천만","관객","오버","감동적","부분","억지","설정","코미디","일품","감동","중","중박","박","결말","삼류","감독","영화","천만","관객","관객수","수","ㄱ","ㄱㅣ록","ㅣ","록","ㅎ","이것","8.84","설국","설국열차","열차","7.97","휴","한국","한국수준","수준","아이디","200","200개","개","1","1점","점","한참","한참동안","동안","최고","쵝","쵝오","오","눈물","뺏딘","억지","억지눈물","눈물","작위적","이야기","연출","촌","연기","영화","소원","기가","말","영화","정신","정신연령대","연령","대","뭐","표현","방법","1","1점","점","사람","삶","자체","듯","재미","감동","이야기","성립","최소한","개연성","호불호","수","일","눈물","잘만","어진","영화","거리","개연성","개연성제로","제로","알바","ㅗㅗㅗ","인생","인생영화","영화","별","10","10점","점","안주","데","100","100점","억지","눈물","배우","연기","수감자","미화","막장","진행","짜증","감동","노","노잼","잼","영화","이것","8","8점","점","후반","라니","내가","한국","한국영화중","영화","중","최고","엽기적","그녀","방방","선물","작품","여","류승룡","질","질낮","낮","연기","지적","지적장애","장애","희노애락","뭐","톤","연출","사","사실적","실적","근거","고려","사람","중간","한국인","이것을","선택","영화","행복","세상","세상만도","만도","감동","영화","사람","천만","천만명","명","거","한국인","환멸감","감독","의도","판타지","부분","현","현실적","실적","내용","저","작정","영화","초등","초등저학년","저학년","영화","평점","따름","조금","합리적","생각","평점","1","1점","점","아까","아까운영","운영","경찰청장","재판","재판개입","개입","지체","지체장애인","장애인","사형","사형선고","선고","열기구","열기구탈출","탈출","레","판타지","영화","연기자","연기","내용","어이","억지","하","그","영화","영화자체","자체","억지","감동","실망","실망적임","적임","쌩쑈","양파","성비","보도","눈물","여","7","7번방의선물","번","방의","선물","케플러","강","강예서","예서","처음","박스","온건","현","현실적이진","실적","이진","감동적","끝","영화","엄마","엄마ㅠ보고ㅠ","ㅠ","보고","십","흑","웃음","감동","감동적","감동적","영화","내","자식","눈물샘","자극","하","소파","번째","ㅠ","최고","인생","인생영화","영화","영화","처음","당시","일","주인공","가혹","가혹하다","하다","생각","무","정원","정원섭님","섭님","이야기","현실","잔인","7","7번방의","번","방의","선물","정원섭님","모","지","아지","모두","행복","어디","마지막","부분","영화","류","류승룡","승","룡","배우","연기","듯","열기구","장면","이용구","딸","예승","처음","정상인","목소리","순간","마","때","ㅠ","때","영화","10","10년","년","지금","도","기억","명작","앞","발달","장애인","인권","학대","학대문제","문제","해결","실제","사건","보상","내용","화가","화가남","남","영화","이것","21","21년","년","6","6월","월","18","18일","일","처음","디카","디카프리오","프리","오","로미오","로미오줄리엣","줄리엣","이후","번째","영화","기쁨","기쁨슬픔환희절망","슬픔","환희","절망","모든","조합","스토리","흐름","하","사형","마지막","누명","딸","휴","시간","줄","사람","고민","중이","후회","용구","누명","교도소","수감","영화","년","후","무죄","판결","공권력","이용","장애","이","무력","내용","7","7번방의","번","방의","선물","예승","콩","대사","때문","영화","효과","그","예","완전","류","승","승룡최고","룡","최고","연기자","재미","인생","인생영화","영화","완전","눈물","광","광광","소원","류","류승룡씨","승","룡","씨","연기","최고","안녕","저","표","표수인","수인","진짜","내용","별","감흥","눈물","영화","아역","아역배우","배우","연기","ㅜ","스토리","감동적","억지","부분","영화","데","주인공","류","류승룡","승","룡","이광수","줄","기","짭새","짭새들","들","실체","알","연출","스토리","오버","인정","류승룡","마지막","외침","년","나","지지","보기","거","7","7년","년","지금","느낌","느낌일지","일지","때","오늘","스토리","몰입","몰입감도","감도","장면","영화","인물","연기","류승룡","집중력","이입","캐릭터","연기","거","신파","해","사람","마음","나름","가가","때문","영화","전문적","건","나","게다","기본적","류승룡","딸","너","므","연기","처음","때","기억","오랫만","과대","과대평가","평가","느낌","링","링타임","타임","유치","영화","하지","나름","사형","재고","신파","가족","가족애","애","오열","때문","감동적","사람","재판","죽기","죽기전","전","이해","노우","건사","설","설특선","특선","영화","열기구","웃음","감동","배우","연기","뭐","랄","랄깨","깨","영화","억지","전개","눈물샘","자극","꿀","꿀잼","잼","기","감성","감성팔","팔","여진","여진히","히","가해자","인권","피해자","거","예승","예승ㅇ이","ㅇ이","아부지","바보","중간","정도","무리","컨셉","컨셉잡음","잡음","밥","처","처먹","먹","대사","예승","표정","방구","후","뾰","아이","자연","연기력","분","때","장애자","장애자연기","번","영화","류","연기","승","승룡인줄","룡","인줄","장면","ㅠ","하","감동적","최고","처음","볼","눈물","번째","때","눈","일회용","슬픔","영화","아이","아이엠샘","엠","샘","나","차이","깊이","만큼","1234567890","예승","감옥","설정","조금","억지","영화","특유","느낌","류","류승룡씨","승","룡","씨","명연기","점","한국","한국영화","눈물","상업","상업영화","한계","보","억지","억지감동","감동","연기력","5","5점","점","누명","거","사형","조선","조선시대","시대","ㅡ극적으","전형적","눈물","영화","나","울었","영화","말","예상","데","열기구","장면","벽","소망","억지","억지감동","감동","아빠","놈","발암","발암유발자","유발자","영화","화가","남","와중","박","혜가","멋","멋짐","짐","숀","펜","레","레오나르","오나","르","디","디카프리오","카프리","오","스틴","호프만","배우","과의","자폐증","비교","영화","쓰레기","평","수","감성","자체","명작","감동","재미","하락","거","눈물","사람","강요","생각","거지","눈물","감동","씬","생각","스피드","이야기","전개","경찰서","경찰서장의","장의","가방","가방가게","가게","따귀","따귀씬","전체적","감","대체적","난함","예전","2000","2000년대","년대","한국","한국영화","영화","느낌","특징","감동적","눈물","낼","영화","이후","신파","류","류승룡","승","룡","기모","기모찌","찌","유치","한","스토리","영화","핵심","아버지","마음","바보","자식","인간","자식때문","때문","자식두고","두고","스토리","억지","미화","배우","96","렷","한국","한국영화","영화","속","남자","때","자식","생각","부성애","권력","사유화","생명력","아무","이","아버지","혼자","앞","뿐","운","내가","자존심","7","7점","점","배우","영화","별","억지","억지설정","설정","따발총","류","류오","오","와가","와가테","테","키","키오","오","라","어린이날","가족","가족영화","영화","번째","갑","니","댜ㅏ","캬","저","스토리","연기","캐리","전","만","눈물","성공","아빠","딸","사랑","수","관객","포인트","강요","과잉","과잉친절","친절","수","나중","생각","완전","당","느낌","울음","나도","억지","내기","생각","현실","스토리","신파","속","연기","재미","예승","콩","비타민","영화","4","4만5천여","만","5","천여","명이","평점","8.9","8.9점","점","데","마지막","류","류승룡씨","승","룡","씨","소연","소연양","양","연기력","예전","인생","감동","감동자체","자체","억지","한데","나름","감동","영화","자체","열기구","예승","감옥","용구","검찰","검찰청장","청장","거","비현","비현실적","실적","부분","점","몰입","연기력","후반","터","류승룡","배우","때문","배우","연기","짱","스토리","예상","던","결과","결과엿","엿","눈물","수","드라","아기","너무귀였웠어","최종","최종병기","병기","활의","쥬신타","누","바보","바보아빠","아빠","줄","정극","코믹","이것","진짜","배우","배우","영화","눈물","감동적","조연","연기","스토리","신파","반감","구성","상상","도","배우","연기력","영화","내용","억지","배우","연기","모두","모두것","평정","류","류승룡","승","룡","연기력","감탄","나름","감동","재미","재미슬픔","슬픔","전반적","타","중상","타정도","정도","영화","영화","재미","황","감동","한국","한국영화","영화","분위기","8.5","8.5점","점","정도","엉","류","류승룡님","승","룡","님","연기","하심","예승","예승이도","이도","재","재밋게","밋","게","봣","주인공","연기","자식","심리","나","총","번","내용","영화","목","운","마지막","결국","자가","정의","정의고","고","자","개죽음","내용","결국","그것","오늘","현실","불의","앞","아무것","수","것때문","때문","눈물","의미","영화","아름","이야기","넘","감동적","맘","영화","감동","2","2배","배","짱","아빠","밥","밥버러지","버러지","감동적","감동적","영화","내용","배우","연기","연기때문","때문","분위기","산","영화류승룡","작품","거","부성애","이야기","멍멍이","소재","부","선량","주인공","사형수","1","1점","점","그린","그린마일의","마","일의","비교","억지","함","현실","이야기","26","26억","억","배상","사람","경찰","강압","강압수사","수사","고문","허위","허위자백","자백","대한","대한민국","민국","숙제","힘","자","꼬리","꼬리자르기","자르기","제물","여","엄마","입장","영화","가슴","내가","영화","영화보고","보고","이것","눈물샘","자극","류승룡","연기","연","연기지","기지","참","우리","우리나라","나라","법","분노심","유발","현대","변호인","버전","눈물","기술력","사람","재","재밋","밋","뎈","열기구","오","오바","바","얘기","나름","캐릭터","힘","거","볼만","억지","억지감동","감동","느낌","볼만","볼만하다","하다","영화","기보","기보단","단","배우","명연기","억지","억지감동","감동","평","거","내용","범죄자","범죄자인권","인권","생각","문제","영화","존중","주진","감동적","부분","천만","의문","열기구","사족","그것","판타지","신파","기분","속","비현","비현실적","실적","서사","지적","장애인","레인","맨","눈물","감성","현실","이해","이해당사자","당사자","왜곡","종류","영화","류","류승","승","듯","마무리","부족","아역","애","애절한","절한","연기","대세","대세남","남","덕분","영화","이것","때","지금","9","9개월","개월","성격","그전","생각","초반","러","러쉬","쉬","연기","후반부","눈물","하나","스토리","전개","류","류승용","승용","소원","소원이의","이의","연기","리","리뷰","뷰","감성","감성팔","팔","영화","사람","이중","이중잣대","잣대","원래","부모","아이","희생","나","9","9점","점","고놈","세일러","세일러문","문","가방","뭐","류","류승룡씨","승","룡","씨","뜽","껑","기가","학교","특정","특정아이","아이","놀림감","문제","그린","마일","아이","앰","샘","웃음","감동","눈물","모든","요소","완벽","내가","세상","세일러","세일러문","문","이름","심판","파","내","눈물","3","내","자신","마음","영화","감동","아역","귀","움","술","명품","조연","향연","모티브","아이","아이엠샘","엠","샘","눈물","류","류승룡님","승","룡","님","아역","아역배우","배우","때","연기","ㄷ","ㄷㄷㄷㄷ","뻔","스토리","감동적","영","영화","화","10","10점","점","주기","7","7점","ㅇ","ㅇㅇ","한국","한국영화","영화","중","화","죄","사람","그것","사회","보호","지적","지적장애인","장애인","권력","무리","자기","위안","을","위","죽음","놈","땜","솔","좀","억지","억지감동","감동","배우","연기력","굿","소재","소재일지","일지","이야기","부분","휴먼","드라마","사실성","드라마","요소","판타지","장르","이","영화","부족","지적","듯","관객","인상","만류","만류승룡","승","룡","연기","일품","경찰청장","빡쳐","짜증","남","감동","말","억지","억지설정","설정","하다","영","영화가","화가","천만","입","입소문","소문","억지","면","몰입","경찰","감옥","거","필요","이","영화","중요","건","제목","7","7번방의","번","방의","선물","므","저","감성","간만","마사지","감사","이야기","전개","전개방식","방식","말","스토리","나간","감독","박수","류승룡","연기","코미디","영화","영화인","알","눈물","눈물눈물눈물","딸","영화","폭풍","눈물","폭풍","눈물","쓰나미","평점","기대","감동","깨알","웃음","눈물","한국식","드라마","ㅁ","별","기대","폭풍","폭풍눈물","눈물","경찰청","소름","속","감독","수","박수","수준","봄","설정","정","여야","오랜만","이거","억지","영화","말거","션","말","현실","본인","주인공","감정","인간","여","애도","정도","감동","돈","영화","세일러","세일러문","문","점","제목","영화","한국","한국영화","장르","단점","관점","참고","한국영화계","영화계","획","스토리","개성","배우","영화","감동","36","영화","눈물","부분","밖","소리","소리내","내","최고","눈물","영화","듯","오랫만","영화","뒤","여운","지금","처음","글","저","한번","세일러","세일러문","문","가방","일","터","15","15년만","년","만","영화","눈물","나보적","수정","앞","앞뒤","뒤","졸작","대작","수준","평가","분","영화","한참","엄마","자식","전부","부모","존재","억지","연출","눈물","소원","어린이","외","조연","조연배우","배우","영화","무관함","작위적","입","입소문","소문","위력","괴물","유사","을","영화","듯","감동","인위적","장치","스토리","연출","부족","배우","연기력","일말","아쉬움","막강","조연","조연군단","군단","감칠맛","연기","애드","애드립","립","대세","류승룡","아역","억지","요소","감동","새벽녘","혼자","헤드폰","옆","최고","류","류승룡","승","룡","영화","자식","부모","주인공","주인공드르이","드르이","마음","감동적","하나","결말","하품","나","눈물","배우","연기","연기때문","때문","끝","봄","감동","울음","목구멍","ㅠ","입도","최고","류","류승룡씨","승","룡","씨","길","길소원양","소원","양","팬","되었","되었습","습","당","가슴","영화","극장가","안보","안보길","길","휴","부모","마음","억지","제가","영화","영화중","중","선","제일","눈물","감동적","영화","억지","관객","눈물","느낌","잼","눈물","콧물","마지막","때","후","결혼","30","30대","대","남자","가족","중함","영화","극장가","다행","가족","감동적","7","7번방의","번","방의","선물","짱","류","류승룡","승","룡","배우","연기","말로","수","소원","어린이","진짜","우","류승룡","역할","생각","만화","구성","적시","적시적소","적소","배치","감성적","감동","억지","여운","곳","비현","비현실적","실적","정도","영화","범주","개연성","현","현실적","다큐","이것","저것","부성애","만들기","대중","취향","포인트","예술","영화","아이언","아이언맨","맨","볼만","대중영화","한국","할리우드","사나이","눈물","감동적","재미","추","추전","전","오","오바","바","조연","조연연기","연기","최악","스토리","바보","류","류승룡","승","룡","가족","중함","음","베스트","베스트리뷰","리뷰","수준","수준이하","이하","졸작","눈","앞","영화","영화감상","감상","뷸","뷸가능","가능","함","억지","억지감동영화","감동","영화","질색","눈물","나이","류승룡","소원","연기","정","정말굳","말굳","재미","연기","굿","스토리","꽝","결말","영화","눈물","한국","한국판","판","아이","아이엠샘","엠","샘","추구","10","10점만점","점","만점","10점","밀","10","10점","점","겅","현실감","건","류승룡","살벌","연기","감동적","요소","자연","물","전개","대중","마음","영화","굿","영화","대박","류","류승룡","승","룡","재밋어","아빠","아빠의사","의사","악평","초딩티","무엇","세일러","세일러문","문","좋앗","3","3번","번","눈물","ㅈ","ㅓ","미","감동","내기","내기위","위","과도","작위적","작위적설정","설정","영화","짜증","뻔","수","감동적","듯","볼만","영화","영화","처음","약간","아이","아이엠샘","엠","샘","세가","구성","전개","전개방식","방식","완전","사회","비판","선","감동적","억지","눈물","말","영화","류","류승룡","승","룡","연기","정도","감동적","위","줄거리","장르","코미디","진지","진지물","물","감독","감동","초점","원래","세부적","내용","요약","기분","저","눈","땀","감동적","말하기","영화","유치","미소","내","취향","영화","느낌","감정","이입","일","수","중간","중간중간","유머","유머코드","코드","영화","영화자체","자체","여성","여성향","향","치중","전개","전개방식","방식","한국","한국영화","박수","연기력","소재","생각","연기","감독","능력","영화","억","억ㅈㅣ","ㅈ","ㅣ","가능","배우","연기","수준급","류승룡","최고","듯","파파","티","천만","천만배","배","배우","연기력","영화","5","5점","점","말","영화","감동","도가니","음","신세계","나","눈물","정도","최고","영화","굿","7","7번방","번","방","7번방해","방해","뒤","재밌음","세열","세열문","문","풍선","열기구","이용","감동","유발","목적","억지","면","간만","눈물","제대","배우","연기","사람","별","여운","예승","예승이도","이도","류","류승룡아저씨","승","룡","아저씨","여","여마음","마음","뒤","배우","연기","스토리","유치","배우","앙상블","인정","연출","시나리오","천만","말","영화","영화보고","보고","혼자","혼자눈물","눈물","난건","난건첨","첨","ㅋ","남자","마음","극장","안본","안본게다행","게다","행","수","통속적","영화","철저","계산","감성","감성코드","코드","웃음","배합","불고","불고하구","하구","기계적","어디","장면","완벽","보완","류승룡","연기","소원","케미스","케미스티리","티","리","지적","지적장애","장애","류","류승룡씨","승","룡","씨","연기","대박","마지막","때","영화","영화권력","권력","뭉","뭉개","개","장","경찰서","지","지딸","딸","건","용구","말","억지","말씀","대부분","영화","허구","분","생각","저","감동","만점","진","감동적","친구","가족","영화","충무로","뻔","신파","특기","울음","포인트","캐치","자연","감동","느낌","웃음","감동","전형적","한국식","코미디","영화","데이","데이비드게일","비드","게","일","사형","사형제도","제도","생각","영화였ㄷ","였ㄷ","마지막","아","결말","결말허무","허무","누명","주고","주고끝","끝","감동","눈물","기분","다운","영화","이것","천만","류","류승룡씨","승","룡","씨","명품","명품연기","연기","예승","교도소","조연","경찰","동안","기억","어","죄","사람","없엇으","ㅜ","영화","재","재밋고","밋","고","오늘","소원","었으","었으무","무","내용","별거","예승","연기","둘","관계","진짜","아버지","딸","마음","마지막","아빠","때","폭풍","폭풍오열","오열","반부","감동","재미","7","7번방","번","방","지인","극찬","이해","중반","중반부","부","마","스토리","아버지","이름","지능","지능6세","6","세","정신","정신지체","지체","장애","딸","이름앞","앞","예승","끝","모든","사건","우연","감정","구성","이기적","인간","검찰","검찰청장","청장","단","한명","모두","이상주의자","감동","들","감정적","호소","명작","감동","눈물","뿐","유치","메타포","박","혜의","연기","참","말","기대치","85","줄","배우","연기","처지","눈물","진짜","휴지","이상","나","미련","건","무엇","후유증","동심","배우","영화","스토리","눈물","거","거기","집중","집중공략","공략","듯","배우","힘","영화","연기","대박","스토리","눈물","듯","최고","돈","굿","럭","영화","예승","마지막","예승","때","기대","류","류승룡","승","룡","아저씨","앙","이번","영화","류","류승룡","승","룡","호감","더블","더블업","업","감동","예승","사랑","저두","딸","22","소리야","욕","재","재밋고","밋","고","감동적","집","영화","휴지","휴지옆","옆","반","썻","대환영","몰입","내가","내가본영화","본","해운","해운데","데","1","1위엿","위","엿","7","7번방의선물","번","방의","선물","1위","위","내일","내일아침","아침","알바어뜨케","부모","눈물","보장","핵심","의미","대박","감동","기대","비현","비현실적","실적","때","써니","이후","처","처음보","음보","영화","하","끝부분","저","생각","빠박","박","박상면","상면","덕분","용구","예승","예승이도","이도","빠박이","보안","보안과장","과장","뭐","보안과","본거","잖","잖아","아","ㅎ","배우","배우분","분","연기","짱","마지막","눈물","눈물터졋","터","졋","때","이거","영화","진짜","지금","진짜영화","여운","천","와이","관객","감동","유머","신뢰","때문","와이영화","요","요국민","국민","이유","평점","평점9점","9","점","감동적","댓","댓글","글","현실성","이거","영화","좋겠너","최고","늑대","늑대소년","소년","타워","이젠","7","7번방의","번","방의","선물","감동","류","류승룡","승","룡","연기","짱","기분","날","눈물","영화","앞","저","마음속","기억","교훈","연기","영화","폭풍","폭풍눈물","눈물","비현","비현실적","실적","이야기","소원","소원양의","양의","연기","장두","미","완전","때","폭풍","폭풍눈물","눈물","류승룡","바보","바보연기","연기","아이","억지","억지감동주려","감동","주려","영화","집중","정도","산만","실제","법","일","근대","박","혜가","정의","이름","아빠","용서","ㅁ","ㅁㅊ","ㅊ","경찰청장","껏","다","라","아역","아역배우","배우","천만","천만관객","관객","흥행","정도","티비","소재","듯","말","걸작","남편","눈물","눈물바다","바다","영화","류","류승룡님","승","룡","님","말","연기","두개","낱말","표현","2","2시간동안","시간","동안","16","16년전","년","전","그날","여행","느낌","여운","뿐","감동","아이","아이엠샘","엠","샘","인생","아름","워에","빚","영화","시나리오","설정","하나","무식","끝","이상","힘","거기","류승룡","배우","영화","짜임새","뭐","하나","스토리","안","배우","신명","중요성","상기","류승룡","재","뭐","별거","마지막","뿐","감동","말","내용","감동적","영화","추천","박","박신혜","신","혜","ㅡ걱정마세","귀신","ㅡ","ㅡ보고","보고","울엇","작품","이거","다","걱정","걱정마세","마세","만큼","여운","재","재밋","밋","감동","애","6","6점정도","점","정도","알바","알바생","생","때문","평점","2","2점ㅎ","ㅎ","이거","감동","사람","억지","억지울","울","수법","예상","스토리","이","커버","수","감동","본지","2","2달","달","기억","스토리","넘","기대","ㅜ","볼만","류","류승룡씨","승","룡","씨","연기","대박","예승","흙","흙흙","용구","용구씨","정도","영화","10","10점","점","천만","과대","과대감정","감정","신파조","진행","메시지","식상","데","예측","최악","상황","일차원","단조","처음","끝","눈","배우","연기","쵝","마지막","목","눈물","정도","코미디","옆구리","감동","관객","관객수준","수준","이것","천만","정도","영화","거","크리스마스","특집","티비","방영","볼만","식상","부분","세일러","세일러문가방","문","가방","용","담","사형","류","류승룡씨","승","룡","씨","ㅠ","ㅠ3ㅠ","3","예승","예승이도","이도","연기","무엇","류승룡","영화","영","강추","영화","넘","7","7번방의","번","방의","선물","대박","유치","눈물","영화","3","3점","점","말","평점","떄","떄문","문","1","1점","주고","주고감","감","유치","식상","줄","현실","현실속","속","장애인","편견","편협","지","영화","표현","어른","행동","라도","우리","아이","가치관","형성","역사","인성","인성교육","교육","거기","재미","ㅋ","용구","응","재","재밋","밋","한마디","굿","눈물","남","억지","설정","웃음","소문","기대","반의","반도","분위기","교도소","모습","설정","진행","억지","부분","지적","지적장애인임","장애인","임","누구","딸","사랑","아버지","진실","마음","10","10점","점","웃기","분노","영화","엉터리","천만","9","9점","점","라니","이래","약","처","배우","연기","현실성","현실성제로","제로","억지","설정","전개","감","감동의","동의","강요","감동적","영화","눈물","재미","감동","교차","막판","저","15","15개월","개월","나도","우리","아들","목숨","수","생각","대성","대성통곡","통곡","류","류승룡","승","팅","팅보고","룡","보고","게","속","진심","감동","굿","하나","원래","류승룡","사형","때","예승","어렷을때잖아","장면","재판","아빠","변호인","어","영화","말","코미디","류","류승룡영화배우","승","룡","영화배우","연기","장애인","조금","보기","로그","로그인","인","수","영화","나름","이정","이정도로","도로","흥행","영화","듯","감동적","수작","임","감동","영화","처음","가족","의미","10","10점","점","ㅁ","감동","웃음","웃음코드","코드","짱","7","7번방","번","방","최고","배우","덕분","6","6점","점","경찰청장","아저씨","평생","거","거임","임","진짜","진짜10번","10","번","영화","감동적","말","단지","결함","장애인","사형","사형집행","집행","실제","불가능","약간","비현","비현실적","실적","면","중요","건","영화","아버지","마음","사랑","수","평점","최고","눈물","최고","경찰","총","총ㅂㅅ은","ㅂ","ㅅ","은","어","거","영화","요즘","법","이야기","눈물","마음","이야기","눈물","월래","눈물","편","영화","마지막","마지막장면","장면","지네","ㅎ","거","흑","ㅠ","간만","스토리","연기력","재","재밋","밋","다","영화","제가","생각","여러분","한번쯤","가치","장애인","편견","내용","저","별","별점","점","10","10개","개","일","만","눈물","드라마","영화","운","없엇","이것","나","감수성","폭발","폭발시켯","시","켯","진짜","재","재밋","밋","돈","평점","10","10점","점","오랜만","울엇네","소원","흥해","흥해라","라","7","7번방","번","방","실화","스토리","약간","약간유치","유치","면도","슬픔","중간","탈출","탈출장면","장면","류","류승룡","승","룡","목","목소리","소리","때","소름","유승룡","연기","현실감","수준","이하","레인맨","의","스틴","호프","정도","수","내용","3","3류","류","영화","데","1","영화","흥행","건","한국","한국영화","제","제앙","앙","9","9점대","점","대","굿","억지","억지눈물","눈물","감성","영화","배우","연기력","명절","듯","코믹","유머","지적","지적장애","장애","경찰","형사","여","교도관","넘","영화","영화예","예","감동","영화","연기","비평","분","이해","혼자","다음","유치","뭐","하루","수","생각","수","이것","머","거지","예고편","때","감동적","쩃","초중반","웃음","막바지","눈물","전형적","한국형","드라마","부녀간","사랑과","사회","시스템","병폐","축소","딸","아빠","누명","내용","클라이맥스","부분","평가","평론","건","일반","일반시민","시민","내가","보기","최근","영화","이상","무","무얼","얼","하나","연","연기자분","기자","분","추천","나","데","지적","장애인","사연","하나","영화","자체","별","별점","점","기대","생각","실망","천만","천만관객","관객","영화","생각","스토리","부분","뭐","눈물","전형적","눈물","영화","이상","이하","입","입소문","소문","하다","천만","천만영화라니","라니","다","연기","듯","추천","천만","천만영화","영화","작품","중간","중간중간","전개도","이것","감동","배우","열연","감동","영화","배우","배우분","분","연기력","갑","배우","연기","연출","촬영","이야기","스토리텔링","역시나","신파","이야기여","여","대중","모독","건","천만","들","영화","생각","군","단막극","정도","수","1","1년","년","눈물","최고","중","영화","마음","연기력","연기력최고","최고","고","고퀄","퀄","배우","연기","영화","재","재밋","밋","배우","배우진의","진의","연기","최고","그중","류","류승룡님","승","룡","님","영화를봣지","영화","눈물","건","7","7번방의선물","번","방의","선물","처음","감사","지금","영화","영화중","중","감동","하","완전","대작","거","순수","내용","감동","가슴","약간","인생","한국판","거","잼","감동적","감동","스토리","개연성","허술한","부분","중간","중간중간","가지","그것","감동","친구","5","5명","명","감동","류","류승룡영화배우","승","룡","영화배우","팬이됬어","영화","욕","마세","절대","로","진짜","최고","억지","재미","용구","논리적","공감","안됨","감이","안","감독","의도","생각","애","법원","어디","돈","재미","감동","마리","토끼","성공","영화","앞","시대","뒤","영화","거","소재","내용","모두","감동적","억지","전개","완전","완전감동","감동","영화","여","별","최고","감동","이","이영화","영화","최고","재미","최고","감동적","영화","스토리","개연성","듯","사회","공정","사람","영화","권력","내","새우","판단","공정","인간","영화","영화","처음","나","여운","남","개연성","리얼리티","결여","스토리","사람","신선","몰입","눈물","부족","억지","억지설정","설정","리얼리티","결여","아이","아이엠","엠","샘","비교","작위적","부분","난무","상업","상업영화","영화","무거","무거운","운","생각","수","욕설","급","저질","내가","인생","영화","영화중","중","영화1번","1","번","음","번","눈물","남","눈물","눈물콧물","콧물","최고","개","개감동","감동","눈물","눈물콧물","콧물","영화","감동","줄","연출","영화","실화","배우","실력","부모님","자식","사랑","세상","본의","일","사람","영화","전율","소름","장면","감동","눈물","기대감","억지","설정","재미","감동","감소","최고","영화관","내용","사형","사형선고","선고","장면","나중","거","기분","류승룡","연기력","재발견","영화","영화","짜깁기","느낌","장애인","사","사형","형","눈물","감동","이건","뭐","전","전개가","개가","이래","주연","주연배우","배우","연기","인정","내기","종합","종합판","판","배우","연기","소재","작가","감독","최악","마지막","사형","직전","애원","용구","예승","때문","눈물","나","나름","억지","억지눈물","눈물","영화","오열","봄","기대","못","영화","눈물","기대","이하","배우","연기","영화","어이","스토리","무엇","감동","유치","영화","입","입소문","소문","한참","한참후","후","별","생각","재미","류","류승룡씨","승","룡","씨","내아","내아내의","내의","을","본","후라","연기력","수","박신혜씨","조화","융합","오랜만","감동","영화","감동","도가니","ㅠ","재미","죄","사람","미안","미안하다","하다","인가","마지막","짜증","짜증남","남","권력","참","영화","우리","우리나라","나라","관객","관객수준","수준","이정","라니","10","10점","점","감동적","진짜","최고","연기","작품","작품성도","성도","영화","본적","첨","한국","한국관객","관객","수준","이정","임","이건","모","스토리","스토리자체","자체","말","되야지","헛웃음","억지","억지설정","설정","진짜","극장가","땅","후회","듯","이거","점수","사람","영화","자기","평점","최고","가슴","켠","켠쨘","쨘","적신","최고","영화","감성","눈물","영화","잼","감동","짱","짱임","임","간만","12","12년만","년","만","나","영화","장애인","미성년","죄","사형","무고","사람","희생","평점","가지","짜집기","거","영화","연기파","배우","볼거리","결국","줄거리","8","8점대","점","대","듯","한국","한국영화","영화","특유","유치","티","사이","무언가","오랜만","가슴속","순수","감정","분출","수","무시","나도","이젠","신","신파라","파라","배우","연기","몫","감동","감동면","면","류","류승룡","승","룡","소원","코믹","코믹면","달","달수","수","정","정만식","만식","김","김정태","정태","천","박원","박원상","상","무엇","류승룡씨","씨","재","정치적","의도","판타지","무엇","서도","영화","자체","예수","기능적","설정","영화","무엇","흐름","진","부자연","울음","감동","생각","말","억지","시나리오","재미","유치","감성","감성팔","팔","평점","어이","어이없가","없가","외국","수출","손색","감독","디테일","박수","스텝","배우","조화","모두","몫","수고","완전","감동","개","코미디","장르","기억","대","내용","뻔","수","있음","눈물","나","ㅜ","7","7번방사람","번","방","사람","류","류승룡","승","룡","연기","전부","예승","장난","마지막","아빠","삼초","삼초후","후","장면","생각","영화","10","10점","점","안주","사람","눈물샘","최루탄","작품","영화","특성","스토리","진행","수","억지","설정","배우","연기","예승","소원","의","세계","최고","수준","눈물","영화","감사","감사드립","드립","나","줄","감동","잔영","슬픔","이거","내용","감동적","완전","재미","눈물","눈물바다","바다","초반","순간","내용","별루","천만","천만정도","정도","듯","감동","코믹","조화","감동적","영화","편의점","알바","할거","봣","데","ㅈ","슬픔","해피엔딩","바랫것","감동적","한편","약","사람","수","나라","한탄스러웟네요그래","인간미","이야기네요잘봣어","마음","영화","가족","이랑","가치","류","류승룡연기","승","룡","연기","첨","어색","몰입","영화","영화보고","보고","처음","처음평점등록","평점","등록","수년","수년간","간","나의","눈물","영화","처음","육십삼","팔","팔천팔백","천","백","원","때","이거","거","뒷쪽","ㅜ","진짜","추천","스토리","법하","실제","수","류","류승룡","승","룡","배우","연기","감독","연출","말","표현","객관적","때","8","8점이상","점","이상","영화","1","1점","2","2점","점","길","내용","부정","소재","눈물","내용면","면","못","눈물","감동","유치","유머","유머설정","설정","류승룡","바보","바보연기","연기","박수","스토리","말","억지","무리","가상현실","자극적","소재","이용","듯","줄","줄정리","정리","말","스토리","억지","눈물","하소연","쒸","넘","프","최고","감동적","영화","빅","빅션이후","션","이후","잼","강추","ㅠ","비현","비현실적","실적","신파","명성","기대","실망","내용","자체","우리","우리나라","나라","고유","마지막","이야기","처음","분위기","슬픔","유도","건","장점","비현","비현실적","실적","가슴","재미","감동","영화","류","류승룡씨","승","룡","씨","기타","조","조연분","연분","연기","1","1점","점","눈물","나","최고","영화","눈물","예승","아빠","절","감사","부분","살인범","바보","사형","1","1점","점","나도","10","10대","대","헌데","헌데ㅋ","ㅋ","사형","영화","건","발","처자","처자이시키","이시","키","어디","ㅜ","밑","1","1점","점","당신","10","10대임","대임","분명","이","영화","90","90년대","년대","배경","극","중","주인공","이용구","사형","1997","1997년","년","12","12월","월","23","23일","일","김영삼","정부","사형수","일괄","날","사회","풍자","감동","재미","작품","눈물","영화","미화","재미","최고","영화","영화순위","순위","진짜","억지","진짜잼","잼","감동","감동적","진짜","감동적","영화","후반부","눈물","흘림","ㅜ","상","상남자","남자","경상도","사나이","평점","각자","다르겟ㅈ지","처음","영화","7","7번방의","번","방의","선물","일생","최대","실수","감동적","최고","영화","최고","영화","마음","눈물","영화","최고","거","딸","생각","아빠","마음","수","가슴","영화","눈물","무죄","선고","가슴","이야기","코미디","배우","연기력","비빔밥","영양가","영화","지적","지적장애","장애","사람","배려","사형","집행","판결","정확","마음","처음","장면","진행","숀","숀펜","펜","다코타","다코타패닝","패닝","눈물","영화","끝","가슴","영화","봣","부정","이름","아버지","사랑","영화","말","해본","해본지가","지가","언젠지","기억","한번","말을해야겠습니","재","재밋고","밋","고","엄마","장애","장애우","우","인식","사회적","비판","수","예승","여기","중요","세일러","세일러문","문","일임","사형","사형감","감","눈물","눈물오랜만","오랜만","감동적","감동적영화","영화","영화","처음","이거","별","별1개","1","개","사람","감정","거","세일러","세일러문","문","문제","이거","내","생애","안","걸작","흥행","흥행배우","배우","수","나","별","하나","유치","감독","지금","영화","영화중","중","최고","이거","진심","영화","거","최고","흥행","이유","영화","밤","집","분","감동","안본","안본애","애","번","감동","최고","예승","예","승","나중","영화","재미","감동","평점","8","8점","점","듯","내가","한마디","대박","영화","현실감","멍청이","때문","댓","댓글","글","현실","수","상상","소재","감동","배우","연기","가지","감정","영화","한국판","아이","아이엠","엠","샘","줄","진","구","이","이영화","영화","어디","감동","류","류승룡","승","룡","연기","음","실망","지도","올해","실망","한국","한국영화","영화","진심","대박","대박감동","감동","자식","사랑","자신","상태","모습","아무것","중요","이거","영화","순간","눈물","자식","사랑이","아빠","장애","장애여","여","사랑","수","정도","별","평","9","9점","점","용","진짜","영화","적","30","30년","년","인생","처음","슈","슈발","발","태극기","이후","영화","듯","관객","수","이해","번째","눈물","기대","가슴","스토리","장면","감동적","마지막","마","마세요","세요","류승룡","눈물","1000","1000만","만","관객","돌파","대박","나","눈물","영화","영화엿","엿","내용","감동적","아버지","사랑","수","짱","감동","영화","갑사","이것","봣","사람","7","7번방의선물","번","방의","선물","7번방의","류승룡","아빠","딸","태어나줘","때","폭풍","폭풍눈물","눈물","영화","기대치","실망","마련","18","눈물","빼놨","천만","이해","연출","스토리","연기","수","류","류승룡","승","룡","평점","뭐","단하","이하","이하급","급","난리","사람","평점1줄정도","1","줄","정도","쓰레기","쓰레기영화","영화","어덯게","억지","억지감동","감동","감성","감성팔","팔","감독","노력","한국","한국영화","점","감안","3","3점정도","점","10","10점","점","감동","진정","아버지","사랑이","무엇","영화","눈물","영화","가슴","감동","최고","말","10","10점","점","감동적","스토리","최고","눈물","콧물","스토리","감동","최고","최고엿","엿","명품","영화","오랜만","완전","완전감동","감동","완전추천","추천","감동적","한마디","염","포스터","광복절","특사","단순","코믹","일","생각","자","횡포","관심","내용","구제","예승","아빠","우리네","모습","듯","감동","사람","감정","진자","처음","끝","부분","눈물","정도","정도롶","롶","감동","딸","아빠","최선","선택","대한","대한민국","민국","아빠아버지","아버지","자식","마음","1","1순위","순위","거","기대","실망감","한국판","아이","아이엠샘","엠","샘","박","박신혜","신","혜","눈","장면","러브","러브레터","레터","철창","철창사이","사이","너","내","운명","흥","흥행위주의","행위","주의","포장","감동","우리","우리나라","나라","관객","수준","신파","기적","하","말","영화","참고","제가","남자","것중","중","영화보가","보가","적","처음","뭐","랄","슬픔","극치","극치랄","연기","실감","억지","감동","니","눈물","짱","하","진심","짱","법","10","10명","명","범죄자","범죄자중","중","9","9명","처벌","1","1명","누명","말","이것","1200","만","연기","다","뭐","챔프","각설탕","수준","이","감독","유치","캐릭터","이해도","안","억지","감동","눈물","눈물","적","오랜만","해피엔딩","뿐","별","별점","점","인간","관심","종자","사이코","사이코패스","패스","감동","재미","울음","고생","고생고생","감동적","울기","부분","수","휴지","3000","3000장","장","듯","짱","짱짱","별","무한개","따름","감동","슬픔","거기","깨알","깨알웃음","웃음","별","별10개","10","개","영화","코믹","부분","가슴","장면","슬픔","눈물","목","그","죄인","눈물","감정","감정몰입","몰입","최고","울분","중간","중간중간","빵","요소","연","연기자분","기자","분","소화","아역","소원","소원양","양","연기","감탄","앞","기","기대됩","대됩","한번쯤","볼만","영화","후","무엇","아이","아이엠","엠","샘","아류","아류작","작","느낌","비틀즈","곡","류","류승룡","승","룡","연기","마지","마지맛","맛","연기","짱","듯","장애인","살인","살인성폭행범","성폭행","범","자체","말","안됨","동","술","이유","판단력","형량","감량","나라","화","보","내","최고","개인적","생각","10","10점","점","점수","감동적","딸","헌신","아버지","모습","영화","영화","드릅","드릅게","게","사람","눈","눈말","말","영화","기대","천","천만","만","글","현","현실적","실적","스토리","스토리전개","전개","조","금","요즘","영화","감동","대성","대성통곡","통곡","오랜만","듯","예승","아빠","연기","거","삼촌","간만","재미","랫","말","사실적","느낌","감동","감동감동감동","아이","아이엠","엠","샘","7","7번방","번","방","억지","맞추기","감동","재미","연기력","사회","권력","권력남용","남용","모든","보여주ㅡ","최고","영화","개인적","생각","이것저것","느낌","사실적","감동","수","일부","경찰","검사","국선","개","경찰청장","때","빡치","공권력","남용","ㅈ","ㅈ","감동적","감동","재미","분","알바","이","영화","수","감동","ㅈ","감동","비현","비현실적","실적","판타지","감동","의문점","천","관객","의아","눈물","의도","내용","부분","진심","관객","수긍","배우","조합","수","영화","모양새","마음","100","100점","점","눈물","영화","영화","만성","류","류승룡","승","룡","말","대박","눈물","수","영화","오랜만","영화","영화관","생각","혹평","짜증","처음","평점","만","영화","감동","감사","진짜","진짜최고","최고","영화","울기","처음","거울","볼","자신","만큼","영화","첨","전체적","동시","거가","거가타","타","강추","영화","자기","마음","거","티","사람","있거","있거라","라","정도","고지","숀","숀팬","팬","당신","연기","나","하면","류","류승룡","승","룡","연","연기지","기지","한국","작금","한국","한국영화","영화","마케팅","마케팅질의","질의","절정","절정판","판","제작","공식","하나","라","마인드","감동","10","10점","점","현실성","중점","성격","몰입","분명","애","아빠","아빠맘","맘","상투적","눈물","비평","밑","평점","1","1점","점","분","대다수","평점9점이상","9","점","이상","지","지내들이","내들이","특이","특이하다","하다","생각","생각안하나","안","하나","관객","수준","말","니","거","생각기준","기준","맞출려","마라","전부","알바인","알바인가요","가요","6","6점","점","정도","영화","코","코미","미","감동","이건","신파","완전","실망","평점","9","9점","점","오","오바","바","기대","하다","관객","수준","휴","영화","요즘","한국","한국영화","기대","이하","영화","천만","관객","이해","감동","다","감정","목","9","9점","점","영화","최고","이야기","전개","오","수","김","김정태","정태","등","조연","센스","영화","영화","영화","판타지","사형","사형제도","제도","골","아해","굿","영화","눈물","감동","인간","아역","연기자","연기","류","류승룡씨","승","룡","씨","뭐","표현","못","만큼","가지","오점","교도소","모습","현실","동","나","류","류승룡","승","룡","연기","숀","숀펜","펜","맛","마지막","때","존","존ㄱ","ㄱ","울음","마지막","감동","천만","천만임","임","이해","이거","감동적","거","듯","눈물","눈물안","안","인간","최고","의심","때","영화","연기","굿","감동","류","류승룡","승","룡","연기","개","개굿","굿","감동","차","차태현","태현","헬로우","헬로우고스트","고스트","감동적","눈물","눈물뽑앗","뽑앗","유치","스토리","감동","7","7번방","번","방","예승","달","달수의","수의","카리스마","짜집기","결정체","17","17방울","방울","눈물","재미","감","감동도","동도","영화","눈물","감정","영화일세","일세","짜깁기","웃음","승화","현재","한국","국민","국민정서","정서","호소","시대","조류","편승","영화","류","류승룡","승","룡","예승","최고","영화","전","감정","건","건가요","가요","잼","뺨","때","빵","짐","그로","관","관종새1","종","새","1","게","대지","내용","억지","영화","영화자","자","무엇","이것저것","대","눈물","눈물콧물","콧물","기본","첨","끝","다","새1","이것","진부","천만","예승","힘","듯","예승","안녕","여자","보지","보지마라","마라","마지막","부분","폭풍","폭풍눈물","눈물","나","내생","최고","감동","눈물","영화","평점","글","첨","마음","영화","눈물","자극","줄","생각","사랑","수","바보","바보아빠","아빠","사랑이야기","이야기","감초","배우","전","최고","배우","연기","커버","스토리","억지","하나","배우","연기","덕","볼거리","작품","제로","개연성","1","점","영화","감독","배우","배우빨","빨","천만","생각","동화","내","스타일","점수","수","맘","모든","모든배우","배우","역","역활분담","활","분담","설정","말","영화","재","재미지","미지","재미","감동","유머","감동","영화","목적","우리","아이","스토리","현실성","개연성","장르","영화","거","머리","눈물","나","겐","최고","허","말","이것","1000","억지","억지설정","설정","영화","번","웃음","내용","끝","하나","아역","아역배우","배우","연기","감동","딸","감정","최고","영화","현실성","영화","다큐","이것","저것","판단","나","웃음","감동","사람","감정","입","주체","아버지","자식","입장","이해","감성","자극","수준","수준이하","이하","졸작","1","1점","점","매","매기기","기기","영화","공감","1300","1300만","만","코미디","줄","알","감동","식","영화","영화중","중","배우","클래스","완성도","올드","올드무비","무비","영화","영화팬","팬","말","나","생각","여운","남","영","영환데","환","데","미안","눈물","방울","스토리","지적","지적장애","장애","법","수","아빠","결국","효녀","심청","옛날","과거","권력","국민","고통","호소","영화","억지","눈물","워","라스트","라스트갓파","갓","파","만큼","짜증","류승룡","어색","연기","개연성","스토리","몰입","방해","일반","관객","감성","자극","점","완성도","부인","생각","눈물","콧물","일","아역","연기","굿","뭐","6","6점정도","점","정도","사람","눈물","영화","오랜만","듯","운","영화","처음","완전","완전감동적","감동적","류","류승룡","승","룡","짱","사람","새","거","거지","감동","건","이거","사람","천재","배우","애드","애드리브","리브","작위적","감동","웃음","웃음코드","코드","남발","읗","어용","어용구","구","9","9점대","점","대","50","50점","점","평점낝게주는사람들","영화","현실성","거","영화자체","자체","몰입","비평","수","사실","허구","허구인건","인건","거지","프","천만","돌파","한국","한국영화","영화","눈","그지","감동적","감동적임","임","흑","흑흑","한국인","코드","대작","듯","눈물","명작","하기","무언가","부족","분위기","영화","재미","이상","천만","이유","명작","드립","운","영화","아이디어","연출력","시나리오","890","890년대","년대","수준","류승룡","영구","맨발","기봉","거","바보","설정","신파","일조","정형","아역","케릭터","이거","진짜","평점","뭐","필요","영화","답","거","저","처음","감동","감사","류","류승룡","승","룡","연기","조연","재미","아역","류승룡","바보","마지막","나","레이션","부분","감독","듯","눈물","눈물콧물","콧물","감동적","7","7번방의선물","번","방의","선물","감정","줄","눈물","영화","현실성","운운","분","저","요즘","세상","이래","마음","분","1000","영화","안","거","정도","편","9","9점","점","8","8점","과장","듯","함","이거","전세계","함정","후반부","감동적","류","류승룡씨","승","룡","씨","연기","보신","추천","신파","현실성","내용","배우","연기","때문","스토리","천만","영화","엔","수준","미달","현실성","영화","9","9점","점","자기","죄","재판","짜증","바보","인간","내","아빠","연","거","이","바보시끼","시","끼","남","일","감동","박","박신혜씨","신","혜","씨","팬","감동적","한국","영화","영화중","중","손가락","들","짜임새","아이","아이엠샘","엠","샘","한국아류작","아류","작","자막","수","대사","장점","수작","화살","아이","아이엠샘편","엠","샘","편","설정","신파","신파공식","공식","예승","류","류승룡씨","승","룡","씨","뿐","7","7번방식구들","번","방식","구들","예승","연기","박수","근래","영화","영화중","중","최고","감동","감동영화","대박","대박날","날","눈물","감동적","영화","처음","이번","친구","류","류승룡","승","룡","존경","눈물","눈물샤워","샤워","국내","국내영화중","영화","중","천만","천만관객","관객","돌파","볼만","흥행","흥행영화중","안","수작","생각","류","류승룡님","승","룡","님","면","불수","연기력","좋왔습니","폭풍","폭풍감동","감동","천만","과속","과속스캔들","스캔들","이후","관객","관객수가","수가","이해","안","번째","영화","뭐","끝물","사람","의미","하","명작","감정","녀석","나","추천","나","자기","딸","장애인","장애인아빠","아빠","사랑","감동","전","눈물","생각","생각안","안","수","오랜만","영화","잼","우리","나라","장애인","시선","마지막","비굴","비굴해지","해지","니","무엇","잘못했따","바보","소신","9","9점","점","이해","재미","한국","한국영화","영화","역시나","억지","눈물","내기","한국식","영화","7","7점","점","일","영화","재","재밋","밋","디","재","재밌었","밌었","오랜만","몰입","영화","ㅋ","부녀","마지막","장면","대사","인상적","혼자","수","배우","하나하나","나","하모니","연기","달","달수","수","진심","박수","박수드립","드립","눈물","영화","기대","유치","데","별","별내용","내용","애기","평점","조금","십","십점만점영화","점","만점","영화","뉘우침","깨달음","현","현실적이면서","실적","이면서","이거","사람","진심","거","죠낸울","당","극","감정","감정선","선","배우","몰입","슬픔","소화","영화","진짜","겁","지금","드라마","영화","눈물","눈물콧물범벅","콧물","범벅","적","오늘","7","7번방의","번","선물","방의","후","샘이터졋네","평점","사람","감정","거","번","만","뭐","7","7번방의선물","번","방의","선물","최고","눈물","영화","왜캐","거","7","7번방의","번","방의","선물","영화관","봣","시기","노","노침","침","최고","연기","내용","조금","조금유치하다","유치","하다","류","류승룡","승","룡","연기","연기짱","짱","예","팬","팬됬어","됬","어","대법원","판결","사형","김치","김치영화","영화","돈","돈주고","주고","ㄹ","ㄹㅇ","ㅇ","재미","나","해","해라","라","마라","왜보냐","말","왜냐","영화관","티비","결제","폭풍","폭풍눈물","눈물","레","억지","코미디","스토리","무전","무전유죄","유죄","유전","유전무죄","무죄","대한","대한민국","민국","10","대","영화","데","기자","이랑","평론가","이야기","연출","류승룡","장애","장애연기","연기","2","2번이상","번","이상","거","마지막","눈물","경찰","과장","짱","장","놈","완전","욕","때","듯","감동적","지도","감동적","류","류승룡씨","승","룡","씨","연기","부모님","가족","관람","선택","생각","류","류승룡","승","룡","연기","말","조연","등장","오","수","김","김정태","정태","박원","박원상","상","정","정만식","만식","천","박","박상면","상면","등등","명품","명품배우","배우","그때","그때보고","보고","나","엇는","엇는데","데","감동적","ㅠ","최고","최고으영화","으","영화","진짜","하면서","감동적","거","억지","내용","보고","수","영화","환타지","억지","억지적인","적인","설정","역효과","유","유승룡배우","승","룡","배우","연기력","수","아이","아이엠셈","엠","셈","정도","기대","1","1점","점","놈","영화","10","10점","영화","10","10만원","만","원","주고","볼만","명작","명작중","중","오랜만","눈물","보람","감독","감사","제가","공부","감동적","스토리","억지","구성","아이","아이엠","엠","인생","집기","기대","실망","데","실망","억지","설정","눈물","장면","감독","농락","기분","마지막","관객","식","픽션","영화","지겨움","연기력","감동","뭐","별거","거","저","기준","돈","니","눈물","스토리","영화","제작자","테","뭐","감동적","저","평소","성격","이거","결혼","딸","눈물","르","르륵","륵","10","10점","점","십","십점","점","대","대채","채","부성애","강조","영화","전체적","흐름","마지막","딸","장면","부분","거","감동적","오랜만","감동","영화","감동","강추","한국","한국사람","사람","내용","연기","10","내용","처음","산","끝","비현","비현실적","실적","관객","눈물","울기","평점","평점9.0","9.0","명작","명작영화","영화","수","돈","인생","그린","그린마일","마일","엠","엠샘","샘","짬뽕","짬뽕탕","탕","불편","진실","최근","나름","대박","한국","영화","전부","광해","도둑","베를린","7","7번방","번","방","표절","의혹","말","필요","오랜만","독특","아이디어","눈물","노력","바람","신파극","설정","스토리","스토리진행","진행","작품","몰입","방해","외계인","공룡","판타지","판타지영화","영화","결국","영화","부당","현실","때문","마음","한편","짜증","의도적","슬픔","슬픔때문","화","감동","영화","말","스토리","식상","영화","배우","연기력","평점","8.3","8.3정도","정도","듯","천만","천만관객","관객","기대","컷으","후","실망","천만개","개","억지","감정적","요소","스토리","당체","천","영화","이해","뿐","우리","우리나라","나라","신파","감동","하나","배우","연기","끝","거지","평점","ㅇ","ㅇㅇ","풍선","열기구","오버","영화","1","1점평","점","평","사람","대한","대한민국","민국","국민","사실","신하","1점","분명","이유","인간","미래","범죄","옥살이","잠","완전","완전감동","감동","보신","보세","ㅋ","영화","장르","코미디","검색","다운","완전","평소","감정","드라마","드라마영화보고","보고","운","한번","이거","눈","정도","에이","에이씨","씨","류","류승룡","승","룡","연기","나","스토리","열기구","열기구설정","설정","예승","교도소","점","등","부분적","현실성","정도","현실","반영","생각","법의","앞","약자","존재","지금","거","진짜","억지","억지감정","감정","우","우행시","행시","통증","슬픔","이야기","3","3개","개","진리","웃음","감동","슬픔","영화","눈","정도","보고","뒤","여운","듯","최고","총장","영화","영화","천만","암","암담하군","담하","군","최고","감동","재미","욕","슬픔","재미","감동","인기","류","류승룡","승","룡","대세","대","영화관","스크린","부모","마음","이해","눈물","콧물","예승","연기","박신혜","영화","구","10","10점","점","영화","군대","화생방","때","눈물","눈물콧물","콧물","말","영화","내용","정도","영화","소리","소리내서","내서","처음","부성애","사랑이","영화","거","필요","배우","배우진","진","연기","10","10점만점","점","만점","속","이거","내","인생","감동","감동적인영화","적인","넘","영화","바","바이센","이센","얼","얼맨","맨","영","영화가","화가","낼려","낼려고하","고하","마음","뭐","현실성","한","한시간","한시간째보","시간","째보","진짜","진짜엄마","엄마","이래","영화","소설","소설원작","원작","한국","한국영화관람객수준","관람객","수준","년","지","지나도","나도","감동","코미디","거","평점","처음","끝","관객","영화","영화","공감","몰입","결과","짐","사람","재미","감동적","그것","중","편","완전","완전짱","짱","ㅠ","복산","복산동","동","진미","진미연","연","소","넷","초대","데","갱","갱뱅플","뱅플","ㅎ","ㅎㄷㄷ","ㄷ","가슴","영화","작품","영화","처음","눈물","최고","용가리","이후","흥행","번째","영화","내가","영화","영화중","중","재","재밋게본","밋","게","본","몰입","안","평점","감동","나","겐","링","링타임","타임","영화","관객","관객1000만이상","1000","만","이상","한국","한국영화","영화","별루","초","초반","반","막판","절정","감성","힐링","붐","운","흥행","듯","요즘","영화","머리","분","가슴","여운","눈물","영화","흥행","선","약간","거품","정","감동","헬로우","고스트","영화","진짜","수작","라","생각","봄","우리","감동","영화","영화일","일","밑","1","1점","점","별","별점","점","인간","한국","있다니도룡뇽들","사회생활","감정","생각","생각자체","자체","룡뇽","룡뇽지능","지능","중학교","전","명작","감정","호소","조금","관객","공명","성공","아침","아이","아이엠샘","엠","샘","영화","표절","돈","돈주고","주고","볼","볼영화","다운","티비","나중","보세","내용","어거지","어거지임","임","휴","감옥","간이","간이유","유","억지","억지감동유발","감동","유발","여기","여자","여자분","분","진짜","빵","점수","영화","니들","기세","관객","1","1시간","시간","채근","눈물","녕","영화","현실","여","영화","자체","감동적","뭐","사형","사형법이","법이","놈","가치","말","실화","감동","받앗으","됫","됫지","지","무엇","현실성","나","감동","영화","돈","생각","배우","연기","최고","감동","팩트","헛깔려하","개념","많네","영화","사형","사형집행","집행","마","법적","저","얘들","숲","사형","사형집행안","집행","안","지가","언","언젠데","젠","데","법","만큼","감동적","수","내용","말","스토리","때문","어이","최고","눈물","르","르눈","눈","류","류승","승","연기","예승","예승이도","이도","마지막","기분","해피앤딩","가슴","함","수","무엇","스토리","영화","재미","감동","영화관","작품","영화","이거","감정","개","못","인간","9","9점","점","오","오바라","바라","평점","1","1점","인색","2","2점드림","드림","중독성","후크","후크송","송","2","2점반정도","점","반","정도","평점","관계","스토리","연결","전체적","말","구성","소재","밖","표현","정","정도로","도로","어거지","설정","처음","때","시종일관","명작","다","다진짜","진짜","류","류승룡","승","룡","너","시대","연기자","번","꺼","영화","3","3번","번","ㅠ","류","류승룡","승","룡","연기","간만","몰입","영화","각자","각자각자","생각","평","사실성","결여","상상력","가미","영화","정서적","우리","마음","무미","무미건조","건조","삶","단비","하모니","라면","추천","추천이요대박","이요","대박","교도소","수감","환경","절차","건","일반인","점","몰입","청장","청장딸","딸","유치원","군대","사성","사성장군","장군","거","전반적","평점","삼류","영화","9","9점","점","국민","수준","짐작","짐작가능","가능","전개","감동적","별","별점","점","처음","듯","말","상황","상황설정","설정","캐릭터","학대","억지","눈물","내기","내기대한민국","대한","대한민국","민국","관객","수준","거","평점","평점보소","보소","늑대","늑대소년","소년","이후","번째","새벽","감동","영화","얼마","인지","할리우드","리메이크","대박","영화","봣다","분석","마라","행동","사람","눈물","부정","일","감동","흐름","마음","감사","가슴","코미디","데","전","눈물","전체적","감동적","이것","비현","비현실적","실적","요소","마지막","사형","사형집행","집행","장면","억지","감동","연출","느낌","수","너","내","운명","교도소","면회","면회장면","내","생애","눈물","나","최고","영화","돈","돈권력","권력","기대","기대이하","이하","돈","돈주고","주고","영화관","마라","움","하품","영화","ㅠ","기대","비현","비현실적","실적","요소","몰입","방해","마지막","억지","억지감동","감동","어이","영화","눈물","사람","감정","존중","줄","평론가","평론가중","중","캐릭터","학대","데","말","당신","영화","밨냐","아","연기","밨","니","면","고해","거품","때","됬","데","허졉","허졉영화","영화","감정","입","명품","명품배우","배우","사람","실망","영화","3","3류정도","류","정도","떼거지","순수","마음","농락","오랜만","ㅅ","ㅅㅂ","ㅂ","진짜","보통","기대","실망","영화","잼","이거","실화","경찰","반심","관객","관객수의","수의","의미","우리","우리나라","나라","유일","영화","전쟁","전쟁사극감동코미디","사극","감동","코미디","이","부","부동의","동의","1","1위","위","차지","전설적","작품","생각","하나","둘","셋","아빠","저","감동","여","잼","잼게","게","감정","자극","면","중간","중간중간","재미","재미면","연","연기면","기면","ㅎ","볼만","영화","완벽","여운","최고","감동적","승","돈","권력","법","바보","딸","사랑","마음","애","애뜻","뜻","잘못","사형","사형대","대","앞","용서","누","말","최고","감동","경찰청장","딸","유괴","간","간강","강","살인","누명","정신","정신장애인","장애인","아픔","사법","사법살인","가정","파괴","법","행정부","입법부","사법부","등","당사자","적용","내가","영화","감동적","영화","후","여운","한동안","눈물","수","ㅆ","감동","최고","최고영화","감동적","오랜만","웃음","눈물","감동적","딸","죽음","선택","마지막","다리","때","눈물","수","개","개강추","강추","영화","내가","재미","거","경찰청장","입장","이해","감","눈물","스토리","감동","스토리","마음","힐링","처음","영화","보고","별","별점","점","별점준적","준적","여운","오늘","번","스토리","배우","연","연기력","기력","스텝","스텝분","분","감독","7","나","거","건","필요","듯","대한","대한민국","민국","스토리","후","보전","명작","명작이구","이구","마음","감동적","영화","비현","비현실적","실적","실화","환","환데","데","뿐","완존","감","감동","동","웃음","슬픔","반복","영화","김","김윤","윤","하모니","별","억지","억지눈물","눈물","신파","신파영화","영화","류","류승룡","승","룡","장애인","연기","스타일","별","별내용","내용","스토리","감동적","감독","웃음","소재","인위적","감옥","감옥영화","영화","능긎맞는캐릭터조합","편","수","수잇엇","잇엇","7","7점이하","점","이하","애","평론가","이것","정치","정치영화","하모니","류승룡","연기","수","영화","전부","감독","반성","지슬","촌","그게","생각","눈물","말","거","거임","임","평점","뭇","뭇ㄹ프거재","ㄹ","프","거재","밋","거","경찰","현실","말기","눈","대박","지금","수백","수백편","편","영화","평점","처음","개인적","추천","필요","작품","상황","영화속","속","스토리","이야기","현실","현실속","존재","데","뿐","뿐입니","입니","배우","픽션","현실성","거","꿈","희망","모의","모의재판일수","재판","일수","밖","현실","감동적","별","별점","점","10","10점","점","뭐","완전","억지","장면","거","교훈","영화","생각","아래","악평","눈물","영화","중","일생","중일","일","본적","영화","작가","생각","ㅋ","솔기","솔기히","히","억지","부분","쓰레기","취급","영화","듯","결말","마음","음","생각","나름","감동","득","기대","야","영화","현실","건","의미","멍충이","영화","뜻","비현","비현실적","실적","ㅉㅉ","지","맘","공감","안","그","평점","거","애로","애로영화","현","현실적","터","니들","눈","나","현","현실적","실적","영화","사람","감동","재미","여자","여자친구","친구","눈물","방울","안","무안","그다음","그다음본영화","본","연애","온도","놀이","놀이공원","공원","남녀","영화","영화자체","자체","어거지","말","내용","소원","재미","대상","라","지금","지금이대","이대","원아","굿","부담","오랜만","감동","눈물","수","재미","감동","스토리","말","억지","앞뒤","고","영화","부정","단어","억지","억지감동","감동","3","3류영화별","류","영화","별","개","0","0개","개","다이","시간","돈","액션","액션영화","롸","롸끈","끈","거","출연","배우","배우분","분","진심","영화","감동","자체","대한","대한민국","민국","잘못","부분","소감","감사","감사하다","하다","말","평","뻔","영화","눈","수","류","류승룡영화배우","승","룡","영화배우","앞","변화","주시","주시길","길","기대","기대안","안","수","영화","9","9점대","점","대","질","연출","스토리","스토리라인","라인","조연","배우","연기","아역","류","아이","아이엠","엠","샘","권","세상","영웅","모라","바보","바보연기","연기","감동","깊이","우리","우리나라","나라","사람","감","감성적","성적","영화","눈","올드","올드무비중","무비","중","명작","보시","보시길","길","9.01","9.01점","점","오","오바임","바","임","1","1점","1000","관객","나도","나","사람","감동","어디","눈물","타이밍","나","렷","현실성","내용","감동","안가","9","9점","점","8","8점","정도","고","봄","영화","거","기가","80","80년대","년대","법","스토리","억지","억지감동","감동","수","이야기","이야기ㅡ죄인일수","ㅡ","ㅡ죄인","죄인","일수","사람","ㅡ누구도","누","구도","죄","ㅡ사람","9","9점","점","울음","재미","신선도","쨋","대중","허","허잡한","잡한","감상","유일","장점","5","5점이하","점","이하","애","뭐","진짜","알바","나","존","존큐이후","큐","이후","최고","감동","이용구","말로","바","유치","내용","영화","왜케평점","이해","진","잼","유치하다","하다","감동적","근대","여운","감동적","오랜만","눈물","초반","초반부짭새","부짭","새","승","승룡아저씨연기","룡","응","아저씨","연기","줄","류","명품","명품쵝오","쵝","오","대중","코드","정의","영화","주고","감동","이해","수","눈","감동","진짜","류","류승룡항","승","룡","항","상","상팬","팬","엿","엇네","조금","조금늦게ㅂ봣지","늦게ㅂ봣지","최고","영화","실화","진짜","감동적","이야기","후회","듯","지적","지적장애","장애","어린애","사회","사회불합리","불합리","3","3박자","박자","눈물","영화","천","관객","지금","치사","치사하다","하다","반증","꽝","평점","처음","감동","웃음","울음","동시","줄","줄수가","수가","배우","연기력","기립","기립박수","박수","마음","강추","눈물","우리","아버지","오랜만","감사","감정","폭풍","감동","선사","감사드립","드립","여운","아빠","눈물","오랜만","눈물","열기구","씬","이해","분","결혼","딸","후","수","별","별점","점","여","마음","영화","년","년만","만","한국","한국영화","고질병","억지","억지설정","설정","편이","덕분","물","관람","간만","여운","진짜","진짜영화","영화","기분","광해","류승룡","7","7번방의","번","방의","실재","인물","생각","연기력","덕","흐름","2","2시간동안","시간","동안","몰입","봣네","최고","지적","지적장애","장애","자녀","엄마","가슴","류","류승룡씨","승","룡","씨","연기","연기애","애","극찬","새벽","콧물","눈물","끄억","하면서","봣","건전","내용","영화","ㅜ","만","안","감동","자체","내일","눈","호","호빵","빵","크허","크허헣","헣","영화","봣","억지","설정","상황","상황진행","진행","약간","걸리","수","배우","열연","극","몰입","눈물","오랜만","영화","내용","전개","몰입","배우","연기력","개성","류","류승룡","승","룡","억지","말","눈","영화","눈물","물","내기","내기식이잇","식이","잇","준비","스토리","눈물안","안","수","굿","굿굿","가슴","예승","아이","개인적","영화","자체","예고","예고편","편","눈물","열기구","열기구씬","씬","다수","사람","말","씬이","이","분명","류승룡","연기","작위적","느낌","1200","1200만이","만이","의심","정도","ㄷ","ㄷㄷ","눈물","앵","눈물","예승","류","류승룡","승","룡","연기","잼","열기구","장면","용구","말","기억","남아","아빠","예승","뿐","딸","슬펏을까","후반부","열기구","신파극","거같음ㅋ그래","눈물","눈물콧물","콧물","수","류승룡","힘","개연성","억지","전개","아이","아이엠","엠","샘","인생","나","보시","보시길","길","오랜만","눈물","탈옥","탈옥감행","감행","부분","비현","비현실적","실적","그것","오랜만","만인","눈시울","수","감동적","한국","한국영화","영화","듯","하다","중간","중간중간","빵","장면","배우","연기","박수","박수건달","건달","알바","평점","평점조","조","영화","영광","감사","과대","과대평가","평가","7.5","8","8점","점","정도","적당","현실","수","없느냐","정도","잼","영화","추천","안","하다","평론가","수준","런지","티비","돈","돈내고","내고","봣","ㅎ","감정","ㅠ","눈물","나","류","류승룡","승","룡","보지","영화","영화","영화보고","보고","나","검색","1300","1300만","만","ㄷ","ㄷㄷ","코믹","코믹물","물","줄","집","게임","막판","눈","눈물질","물질","설정","마지막","이해","울음","이거","몰입","감정","듯","뭐","100","100프로","프로","완벽","영화","영화일순","일","순","정도","만점","생각","전개","장점","억지","설정","설정때문","때문","몰입","안됨","상황","감동","수","천만","용구","용구용구","말","설정","국가","국가기관","기관","부정적","묘사","하면","화면","이","영화","천만","이해","유치","에이","에이씨","씨","유치","억지","감정","입이","오랜만","영화","듯","요즘","힐링","대세","안보","눈물","영화","사회","사회제도","제도","비판","비판영화","신중","감성","감성포인트","포인트","자극","효과적","이","전","사람","이유","생각","봄","최루탄","눈물","10","10점","점","부족","영화","웃음","감동","사랑이","힐링","힐링뮤비","뮤","비","강","약","사람","겐","겐강","법","처음","끝","감동적","영화","사람","겐","최고","영화일지","일지","스토리","사실","스케일","배우","감동","연기력","스토리","평점","평점10점","10","점","내용","억지","면","영화","머리","가슴","요","관객","동원","작품","실망","초","초반","반","하품","베를린","재미","감성","감성팔","팔","스토리","사실","비현","비현실적","실적","감","무리","용구","죄수","순수","거","거같달","같달","남자","만","감옥","여자애","건","10","10점","점","평점","애","신","영화","생각","생각마라","마라","으헝","으헝헝헝","헝헝","경찰청장","ㄱ","ㄱㅐ","ㅐ","ㅅ","ㅅㅐ","ㄲ","ㄲㅣ","ㅣ","배우","연기","마지막","이용구","사형장","예승","때","내","기대치","영화","사실","난리","눈물","추천","7","7번방짱","번","방","짱","짱맨","맨","진짜","7","7번방의선물","번","방의","선물","내생","최고","영화","세상","풍자","이야기","나","근거","벌","말","작품","2013","역사상","억지","88","년","신파극","탄생","천만","천만관객급","관객","급","짱","말","시나리오","공감","관객","한편","감동적","영화","한번","류","류승룡씨","승","룡","씨","연기","돈","돈주고","주고","명작","수","소재","노력","부족","7","7번방의","번","돈","선물","돈하나","방의","하나","짱","짱짱","안아까웡","교도소","반개","이것","백","백만관객","만","관객","돈","안내","시간","뭣","현실성","영화","영상","수","스토리","스토리꽝","꽝","전개","전개꽝","연기","연기짱","짱","류","류승룡킹","승","룡","킹","왕","왕짱","듯","여기","감동적","장면","인물","바보","장치","단순","생각","경찰청장","영화","놈","마","한국","현실","이","모두","영화","1000","1000만","만","돌파","우리","우리나라","나라","관객","관객수준","수준","정도","밖","반증","해운대","동급","급","오락","오락영화","가족","감동적","전체적","무표정","사형","사형집행직전","집행","직전","만남","라이","막스","니","설정","하나하나","단순","연출","작위적","영화","처음","설정하나하나","짐","끝","연기","연기연기","박","박신혜","신","혜","때","적","적처음","처음","뒤늦게","ㅠ","ㅠ펑펑울었네","감동적","영화","처음","팔짱","터","라","식","억지","억지감동","감동","선입견","시작","부끄러움","간만","영화","한편","영화","영화","ㅋ","우리","우리나라","나라","관객","관객코드","코드","수준","영화","감정적","관객학대","학대","열기구","등장","등장씬","씬","오버","연기자","연기","눈","5","5분","분","감성","말","이것","이제","이제봣","봣","ㅠ","어","사형","사형제도","제도","폐지","표","진짜","말","모든","장치","동화","이야기","커버","건","주인공","거","마음","눈물","눈물나기","나기","간","간히","히","생각","상황","짜증","영화","운","운건","건","1","1번","번","2","2번째","번째","7","7번방의","방의","선물","저","데로","기대","실망감","말","최고","영화","오열","날","말","대박","감동","천만","이유","ㅠ","감동","잼","잼잇","잇","어","명작","명작중","중","최고","최고명작","눈물","편이","편이여","여","각오","손수건","주","주조연","조연","모두","연기","눈물","감수성","자극","영리","작품","겨울","최고","선물","가족","영화","간만","눈물샘","최고","영화","류승룡","예승","사랑","가슴","부모님","생각","2","2시간","시간","동안","1","1시간","시간","나","남자","지","욕","머","평정","신파극","절정","거","진부","영화","작품","댓","댓글","글","은","영화","혹평","끝","거지","거품","영화","천만","오","오바","바","현대인","수","기회","재미","감동","눈물","눈물콧물","콧물","봤습어","평점","9","9점","점","천만","오버","평생","수","영화","최고","현실","감","권력","대항","부분","현실성","있음","돈","함","평점","거품","줄","코끝","예승","연기","죄고","죄고임","임","배우","연기","최고","감동적","아이","아이엠샘","엠","샘","능가","최고","감동","내","딸","태어나줘","9","9점","점","영화","감동적","영화","1","1점","점","주시","현재","자기","감성","문제","분","생각","발","철","사람","댓","댓글","글","달","달지도","지도","사회","뭐","영화","댁","현실성","애","크리스마스","크리스마스때","때","산타","산타얘기","얘기","최고","배우","류승룡","수","영화","불완전","대한","대한민국","민국","법","희생","희생양이","양이","지적","지적장애인","장애인","소수","약자","애도","웃음","감동","전달","메","메이드무비","이드","무비","눈물","ㅠ","10","10점","점","평점","기억","영화","중","편","감동적","짜증","개념","지","영화","개연성","1","1점","점","사람","사람평","평","읽어봣지","너","글","논리","라","도둑","듯","감동적","잼","알","영화","뿐","설","설정과","정과","거지","뭐","사람","전","내용","대충","파악","줄","ㅅ","ㅅㅂ","ㅂ","잼","영화","개인적","기대","아역","예승","연기","개인적","액션","영화","편","본","본시리즈","시리즈","인셉션","1","1인","인","종류","개연성","스토리","스토리구성","구성","영화만이","만이","수","감동","영화","영화보고","보고","감동","적","처음","보시","보시길","길","짱","진심","천만","기대","실망","슬픔","인도","인도영화","영화","하늘","딸","월래","평점","거","로그","추천","시간","줄","생","처음","번","번연속","연속","영화","눈물","앞","행복","영화","줄","청","청장","장","ㅋ","영화","중요","별","별점","점","평론","사람","대한","대한민국","민국","발전","너","님","평가할려","깍아내릴려","현","완전","잼","용","눈물","영화","1200","1200만","만","관객","수","처음","끝","비현","비현실적","실적","말","안됨","내용","내용뻔","뻔","억지","감동","스토리","아역","배우","연기","조폭","사기꾼","사람","뿐","말","현실감","연발","가슴","눈시울","수","영화","때","감동","기대","생각","스토리","스토리구성","구성","사실","마지막","감동","영화","영화관","스토리","구성","전개","결말","결말등","등","완벽","마지막","마지막장면","장면","최고","하","영화","영화초반","초반","노","풍선","철조망","힌트","스토리","개연성","현실성","감동","감동면","면","영화","잼","감동적","중간","중간이상","이상","추천","우리","우리나라","나라","영화","천만","앞","영화계","발전","저해","개탄","배우","소녀","소녀감성","감성","영화","호불호","듯","억지","과장","영화","실화","재구성","때","오","오바","바","거","억지웃음","웃음","억지감동","감동","인간","지","입","영화인","단어","단어밖","밖","말","마라","0","0점","점","외국","급","급영화","영화","열기구","열기구씬","씬","관","감독","영화수준참","수준","참","ㅆ","ㄱ","영화","내용","줄","기대","평점","기대안","안","아빠","화도","오랜만","눈물","군","평점","잘못","사과","판","장면","주인공","입장","오열","평점","뭐","눈물","짜낼려고","아","영화","천만","한국","한국영화","거중","잼","건","실","실미","미","태극기","듯","웃음","명품","명품조연","조연","연기","중간","중간중간","예승","여자","여자아이","아이","류승룡","장면","눈물","목","아","감동적","영화","유치","하모니","하모니2","2","소재","만큼","움","아빠","딸","거","거임","임","웃음","웃음포인트","포인트","각본","언제","범죄자","선","코","코스프레","스프","레","영화","관객","수준","정도","영화","1","1천만","천만","이전","류","류승룡","승","룡","배우","이번","일관성","바보","연기","밸런스","내공","부족","중간","중간중간","불편","아이","아이엠","엠","2013","2013년","년","최고","앙상블","류승룡","소원","몫","눈물","콧물","질","예승","말","스토리","불편","류","류승룡","승","룡","연기","3","4","4점","점","정도","영화","영화","한편","현","대한","대한민국","민국","현실","대변","가슴","한구석","우리","신랑","영화","감동","새벽","새벽시간","시간","영화","이것","저것","대로","내","눈","눈물","잼","감동적","예승","연기","앞","봐야","장난","장난하나","하나","말","억지","억지설정","설정","관객","눈물","쌩","쌩쇼","쇼","해","압권","열기구","열기구씬","씬","민망","나","9","9점","점","영화","영화중","중","개","개거품쓰레기영화","거품","쓰레기","첨","줄","코","기대","영화","영화보고","보고","평점","거","처음","진짜","재","재밋고","밋","고","감동적","거지","뭐","필요","누명","사람","표현","억지","부분","감동","감동적인영화","적인","영화","거","눈물","수","스토리","눈물","오랜만","남자","눈물","4","4번정도","번","정도","감성","사람","수","감동적","연기","짱","기대했더","감동적","영화","간만","영화","마음","영화","가슴","아픔","무엇","사랑이","영화아이","아이","사람","사람만이진정","수","만이","진정","한국","비판","한구석","멋","멋진영","진영","아역","아역배우","배우","예승","진짜","최고","캐스트","애","연기","몰입","캐스팅","촌","한국식","미국","구들","만족","니들","니들입","입","한국","식","정서","정서타령","타령","마라","본인","취향","수","말","웃픈","영화","경찰","욕","주인공","막판","폭풍","폭풍눈물","눈물","여운","때","눈물샘","자극","영화","내","인생","최고","예승","연기","평생","상황","억지","나","감동","녕","재미","최고","영화","스토리","영화","영화평론가","평론가","기자","몇몇","네티즌","평가","예승","때문","별","별점","점","스토리","이래","실망","연","연기자","기자","최고","중간","중간중간","거","뭐","감동","용","용구","구","기대감","허무","느낌","주관적","때","말","필요","감동","선사","영화","올해","처음","영화","예승","예승이의연기","이의","연기","최고","아빠","연","연기고","기고","무엇","주연","조연","연기조화","조화","7","7번방의선물","번","방의","선물","거","참","이것","뭐","감동적","스토리","개이","안감","영화","운","운건","건","처음","처음임","임","머","미안","영화","하나","칠","방","선물","20","20년","년","동안","영화","운","한번","눈물","강추","연기력","막판","때","대박","영","영홥","홥","한번","영화","후회","화","화엿","엿","스토리","스토리구성","구성","영화","순간","장면","하면서","한참","한참부족","부족","점","최고","영화","가슴","영화","철문","철문앞","앞","딸","이별","이별장면","장면","내가","평점","댓","댓글","글","달","영화","내생","최고","영화","개인적","감동적","영화관","때","외","번","시간","동안","틈","영화","관객","천만","천만명","명","돌파","이유","류","류승룡씨","승","룡","씨","남자","영화","때","최대한","노력","사형","사형집행일","집행","일","세일러","세일러문","문","가방","눈물","10","10년만","년","만","절","듯","삭막","현실","가열","7","7번방의","번","방의","선물","강추","강추합","합","류승룡","바보","바보연기","연기","인물","인물묘사","묘사","일관성","이거","감독","억지","억지감동","감동","유발","이제","영화","소리","평점","이번","처음","감동","대작","시간","동안","눈","이","영화","눈물","안","어디","자랑","하지","말기","당신","정상인","증거","시간","시간여동안","여","동안","틈","수","대작","진심","백","백마디","마디","말","영화","한마디","감동","절정","장복","성격","영화관","거","라","생각","잇엇","데","내가","듯이","다","부당","부당권력","권력","세일러","세일러문","문","동행","감독","엄마","내","머리","슬픔","예승","어캐","한마디","감동","자체","류","류승룡씨","승","룡","씨","바보","흉내","염소","줄","9","9점","점","영","영환아","환아","류","류승룡씨","승","룡","씨","소원","소원양","양","연기","일품","진짜","류승룡","거","한번","느낌","사건","사건진행","진행","개연성","억지","억지설정","설정","류승룡","천만","고","느낌","영화","배","배우","우","류승룡","연기","예승","진심","아","ㅠ","말","표현","감사","끝","눈물","대박","나도","감정","편","생각","영화","이의","약간","설정","류승룡","소원","소원양의","양의","연기","연기만큼","만큼","누","누구도","구도","부정","수","듯","대박","영화","관객","감동","영화","목적","10","10점","점","1000","1000만","만","돌파","남자","남자대","대","영화","처음","억지","자체","캐릭터","상황","정도","상위","10","10프로","프로","영화","영화","류","류승룡씨","승","룡","씨","연기","짱","ㅠ","ㅠㅅㅠ","ㅅ","영화","억지","억지감동","감동","뻔","결말","하모니","느낌","마음","오랜만","평점","올해","한국","한국영화","영화","중","최고","눈물","눈물안","안","수","영화","최고","재미","감동","가슴","영화","사형","사람","거","생각","10","10점","점","재미","감동","몰입","방해","영화","오랜만","하아","거","5","5번","번","사","사형","형","제도","찬성","나","반성","열기구","등장","10","10점","점","예승","인상","감동","자체","영화","내","37","37살","살","평생","영화","울기","번째","사나이","눈","배우","배우소개","소개","정","정진영씨","진영","씨","듯","댓","댓글","글","알바","소재","쓰레기","수","한국","한국영화","영화","깝깝","한계","허","배우","스토리","텔링만","힘","처음","영화","영화보고","보고","평소","생각","눈물","장면","영화","작품","작품인건","인건","혼자","침대","오열","만큼","웃겻","웃겻고","고","영화","영화본지","본지","하루","하루가지","가지","여운","최고","아이","아이엠샘","엠","샘","비교","사람","줄","예고편","신","류","류승룡","승","룡","쓰레기","작품","배우","배우진도","진도","배우진인데","진인","데","영화","감독","위상","거","최고","존재","보고","예승","연기","압권","웃음","나","아진","이것","개봉","영화관","후회","영화","편","이거","눈물","사람","감정","연기","영화막","때","고생","배우","스탭","생각","안하","간만","감동적","영화","10","10점","점","첨","배우","꼬마","예승","연기","압권","장애인","이유","사회","소외","멸시","가슴","한국","장애","장애우","우","행복","보호","대우","성숙","류","류승룡","승","룡","박원","박원상","상","오","수","정","정안식","안식","김","천","김정태정진영","정태","진영","명품","배우","배우인가","인가","입증","아이","아이엠샘","엠","샘","셰익","셰익스피어","스피어","느낌","2001","2001년도","년도","아이","아이엠샘","엠","샘","영화","설","설정이","정이","감","감동의","동의","차이","7","7번방","번","방","억지","억지설정","설정","인위적","느낌","ㅠ","배우","연기력","기대","영화","감성","자극","개","개슬픔","슬픔","곳","평점","기분","영화","감동적","초반","예승","방","이해","느낌","처음","눈물","영화","맘","짱","감성","양이","감성이순","이순","ㅠ","짱","지금까지봣던것중","아이","아이엠샘","엠","샘","다음","슬픔","개","개슬픔","억지","눈물","영화","기대","인지","실망","실망임","임","부성애","감동적","연기파","배우","코믹","코믹연기","연기","마지막","전형적","감성","감성팔","팔","9.0","9.0이상","이상","대작","눈물","처음","영화","류","류승룡씨","승","룡","씨","연기","작위적","감독","연출력","연출력ㅋ","ㅋ","최고","류","류흑","흑","룡","헝","류흑룡","흑룡","나","사람","눈물","영화","늑대","늑대소년","소년","한번","눈물","때","우리","우리나라","나라","감성","감성팔","팔","영화","평점","류","류승룡빨","승","룡","빨","1200","대작","영화인","영화인양","양","내","아내","주가","류승룡","광해","정상","7","7번방","번","방","마무리","타이밍","세일러","세일러문","문","문제","동심","파괴","영화","19","19세이상관람","세","이상","관람","가로","지정","하","3","3류한국영화","류","한국","영화","공식","적용","1","1단계","단계","사연","사연설명","설명","2","2단계","부자연","말","상황","상황전개","전개","반","반강제","강제","웃음","웃음유발","유발","3단계","벼락","기식","슬픔","슬픔전달","전달","탈수기","눈물","눈물강요","강요","고","관객","요구","7.5","7.5면","면","듯","재밋게봣어","별","평점","눈물","나","첨","영","영화기","화기","10","10점","점","감동적","ㅠ","감동적","최고","영화","본적","한번","최고최고최고","별","오","오억만개","억","만","개","영화","것중","중","이것","짱","듯","듯진짜","진짜","최고","재","재밋고","밋","고","감동","봣","말","영화","필요","영화","내가","잼","리얼","만족","생각","1","1인","인","영화속","속","주인공","집중","장면","주인","주인공이","공이","나인","류","류승룡","승","룡","최고","밑","뭐래","인간사","희로애락","작품","배우","열연","중","류승룡","소원","진정","연기력","극","백미","스토리","구성","웃음","코드","부정","부정애","애","양념","융화","처음","날","영화","눈물","수","영화","진짜","잼","감동","ㅠ","감동","괜춘하구","감동","영화","영화추천","추천","영화","9","9점대인가의","점","대인","가의","문","작위적","눈물","내기","식상","거부감","배우","연기","작품","평범","감동","감동영화","영화","장애인","필요","악랄","악역","필요하다","하다","공식","감정","코미디","좋앗을건","음악","억지","연기","사형","사형제도","제도","생각","영화","스토리","말","거","사람","마음","억지","열기구","열기구장면때문","장면","때문","-1","간만","누구","상상","상상가능","가능","판타지","신파","영화","영화만이","만이","배우","힘","또라이","니","인생","재","재밋","밋","ㅋ","감동적","영화","후","후폭풍","폭풍","눈물","감동적","영화","6","6점","점","듯","돈","돈주고","주고","시간","시간때우기","때","우기","감정","관용","원칙","상실","사람","마지막","덕목","코미디","법정","드라마","쟝르임에","정의","법정영화","영화","후","제작","야","하모니","곂","부분","때","읭","읭무엇","무엇","눈물","결국","영화","듯","영화","영화관","후회","감동","최고","마지막","부분","감동적","마음","사회","사회색깔","색깔","교도소","지네","감동적","영화","중","마지막","감동","잼","감동적","이것저것","심금","거","승아","인도","인도영화","영화","하늘","딸","컨셉","바보","범죄자","뿐","배우","연기","최고","비현","비현실적","실적","서사","신파","한계","극복","순","천만","이해","영화","감동","영화","추천","재미있서","진짜","추천","가족","뿐","사람","영화","작품","재미","감동","을","예승","기대","기대이하","이하","주연","주연배우","배우","누구","여","바보","바보연기","연기","부담","억지","최고","영화","나","반성","소","부모님","소중함","중함","수","영화감사","감사","대박","내가","맘","거","영화","억지","억지감동","감동","수","일등","말","소리","사람","다큐멘터리","역사책","영화","마음","슬픔","눈물","기쁨","기쁨웃음공포긴장","웃음","공포","긴장","등등","세상","존재","집","가야","가야해","해","제가","제가안","안","여","미안","저","송","주세","주세여","여","위","단어","경찰서","해오","관행","영화","최고","이기","희대","이기이전","이전","걸작","감격","감격곱하기1만","곱하기","1","만","번","점수","영화","비하","사람","마음","엠","엠샘","샘","기억","그","감동","감동눈물","눈물","선사","최고","최고","이것","한국","한국영화비","영화","비","애","외국","외국영화","머","설치","한국영화","수","감동","거","쪽","쪽바리","바리","스토리","자체","말","억지","나","개인적","류","류승룡","승","룡","영화","별","볼만","순수","소원","줄","줄평점","평점","억지눈물","눈물","마음","가슴","영화","예","예전","전","수애","가족","영화이후","이후","하모니","어머니","어머니아버지","아버지","말","열손","열손가락안","가락","안","자식","어디","가족애","애","마디","때문","마음","반대","영화","서른","여덟","남정네","눈가","이슬","평점","평점물타기","물타기","거품","감동","류","류승룡","승","룡","연기","연기때문","때문","4","4점","점","류","류승룡씨","승","룡","씨","연기","기자","기자평론가","평론가","평점","6.58","직업","라","영화","수","캐스팅","하나","참","기가","1","1점","점","아빠","부정","표현","영화","자막","때","여운","눈물","안","영화중","중","하나","최고","감동","내가","내가본영화중","본","영화","중","최고","부모님","소리","소리안내서","안내서","입","오열","하모니","하모니이후","이후","운","처음","운적도","적도","ㅎ","ㅎ후회안","후회","안","만큼","감동","말","필요","조연","전문","배우","영화","주","주연만","연만","해오","만","고급","부담","사람","냄새","스틸","러","아름","향연","그","이유","류","류승룡","승","룡","정도","선방","코믹","사실적","장애인","장애인연기","연기","아지","캐릭터","캐릭터변신","변신","앞","기대","배우","배우임","임","영화","결말","7","7번방의","번","방의","선물","명작","평점","최악","사회","사회부조리","부조리","법체계","부적","부적법성","법성","가족","가족애","애","인간","생애","중함","동시","수","올해","최고","영화","현실성","그것","커버","만큼","눈물","눈물콧물","콧물","사랑","사람","멀미","현실성","영화","이야기","듯","사랑","말","진짜","최고","영화","ㅠ","사형","필요","사회","쓰레기","미화","아역","촬영","촬영중","중","그","사랑","만","억지","억지울음","울음","억지웃음","웃음","최고","영화","주말","남편","영화","눈물","신랑","방","딸","자네","하","오랜만","영화","한국","한국사람","사람","겐","발라드","드라마","불륜","영화","물","신파극","류승룡","배우","연기","고지","고지광","광","입","입봉작","봉작","하마","영화","통곡","본건","처음","ㄱ","류","류승룡","승","룡","평가","개인","거지","쓰레기","쓰레기다라","다라","도가","천만","천만명이상","명","이상","극소수","극소수만이","만이","평가하면","하면","누","자기","영화","비하","영화","1","1점","점","2","2점","사람","감정","마음","생각","억지","스토리","진짜","사랑","마라","천만인","천만인데는","데는","이유","증말","눈물","건","관객","관객수가","수가","이야기","사람","영화","안","이상","운","영화","6","6점","점","영화","거","쓰레기","억지","억지감동조장","감동","조장","짜증","내용","아이","아이엠샘","엠","샘","그린","그린마일","마일","짬뽕","제목","7","7번방","번","방","기적","이것","천","영화","영화라니","라니","한국","한국영화","사랑","맹목적","국산품","애용","발전","도움","거","생각","꿈","한마디","재","재밋","밋","작위적","영화","흥행","가족","수","배우","10","10점","점","연기","점","감동","내용","퍼펙트","1","1점","점","영화","뒤","블록버스터","블록버스터급","급","8","8점","점","줄","무리","애국심","거품","꼇","꼇다","다","용구","승룡","9","9점","점","거","초반","말","전개","스토리","이상","듯","중간","중간중간","장면","영화","몰입","이것","내용","눈물","눈물안","안","난","난데","데","영화","본건","처음","나도","바보","감동","있갈래","눈물","화살","팀","팀버튼","버튼","의","판타지","짬뽕","유치","영화","뿐","감동","짜증","교차","날","무엇","눈물","처음","눈물","ㅠ","제가","눈물","사람","엇는","엇는데","데","재","재밋고","밋","고","조","감동적","감동","스토리","무식","가난","사형","대한","대한민국","민국","근본","근본적인","적인","부패","부조리","밑받침","사실","뿐","개","개대한민국","모의","모의법정","법정","뭐","국가","배상","배상책임","책임","사과","진짜","최고","영화","무대","선","가수","노래","거지","관객","울릴려","억지","천만","천만명","명","수","평점","이것","1300","1300만이라니","만이","라니","한국","한국영화","영화","관객","수준","퇴보","듯","완전","영화","이것","1300","영화","확신","수","소원","장점","내가","잘못","이것","1000","1000만이","만이","가슴","영화","스토리","구성","배우","캐스팅","연기","류승룡","압도적","아역","아역배우","진짜","하나하나","정도","영화","예승","나이","성격","오랜만","가슴","감동","200000","대","대박","박","ㅋ","ㅋ안보신","안","보신","분","적극","추천","강추","포인트","천","관객","영화","조연","중요성","대박","실화","리얼","연기","연기대본연출","대본","연출","모두","퍼펙트","류","류승룡씨","승","룡","씨","대상","대상한번","한번","영화","장애인","시선","졋","졋음","음","감동적","말","필요","하","가슴","영화","때문","첨","평점","등록","무","무조건","조건","순화","진심","소리","눈물","대박","대박영화","영화","10","10점","점","거","눈물","영화","작품","스토리","스토리구성","구성","말","말자구","자구","우리","이것저것","스트레스","박","박신혜씨","신","혜","씨","분량","아역","아역배우","배우","미련","없습","이","영화","최고","말","영화관","후회","눈치","눈치안보","안보","겁","눈물","속","엉덩이","영화","눈물","논","평론가","놈","감성","타고","연기자","겁박","세련","촌","눈물","눈물콧물","콧물","ㅠ","ㄴ","간만","아역","아역배우","배우","연기","눈물","도해","도해주고","주고","감사","덕분","저","데로","감정","듯","어색","요리","억지","스토리","그것","10","10점","점","ㅠ","대박","감동","하","초반","후반부","후반부쯤","쯤","눈물","영화","영화보고","보고","사람","감정","듯","막말","영화자체","자체","눈","눈","ㅠ","연기","류","류승룡님","승","룡","님","입도","짱","해피엔딩","터","말","일","실화","한참","뎬","뎬장","장","디테일","면","분","영화","뿐","진지","다큐멘터리","천","영화","세상","ㅅ","ㅅㅂ","ㅂ","식","최강","사람","경찰청장","목적","인류","전개","불쾌","1","1점주려","점","다류","아역","다류승룡","아역연기","주려","승","연기","룡","때문","점수","점수4점","4","점","대박","대박임","임","면","후회","영화","여자","상대","애","어른","꽁무니","때","남자","몸조심","수","댓","요","넘","넘감동적","감동적","눈물","모든","배우","연기력","만점","이죠","이죠천만인","천만인","관객","이유","비극적","울음","울음연기","연기","현악","전형적","한국","한국영화","영화","억지","억지감동","감동","재섭","전문가","평론","평론가랑","가랑","기자","작자","똥구녕","영화","가슴","수","정도","김","김윤진주연","윤","진주","연","하모니","7","7번방","번","방","둘","영화","감동","사람","결혼","영화","리얼리티","건","사람","유머","유머코드","코드","듯","내가","평론가","감독","감동","제작","천","천편","편","영화","평점","처음","인생","최고","류","류승룡","승","룡","펜","거","ㅠ","나","생각","영화","피","건","사람","작위적","인위적","냄새","수","거","안","이거","천만","하모니","이것","잼","좋앗","다","거","그","구로","영화","관람","관람하라","하라","터","말","현실","시궁창","놈","넷","잡탕","음식","입","입소문","소문","맛","맛집","집","꼴","작위적","장치","영화","영화몰입","몰입","방해","영화","감사","연기","감동","전달","거","가슴","속","대중","정도","향신료","기름","한번","튀켜","라면","영화","볼만","명작","억지","설정","약자","당한","당한다라","다라","피해","피해주의","주의","사상","전형적","한국","영화","연","연기자","기자","마음","3","3점","점","짱","전후","전후좌우","좌우","7","7번방","번","방","형님","덕","수순","눈물샘","자극","스토리","저","취향","감동","10","10점","점","류","류승룡","승","룡","실","레벨","레벨업","업","억지","억지감동","감동","가족","가족애","애","영화","감동","눈물","진짜","평점","10","10점","점","영화","눈물","류","류승룡","승","룡","배우","작품","말","가슴","영화","ㅜ","감동적","평점","올릴려","10","10점","점","예승","ㅎ","천만","관객","영화","나도","사랑","돈","노래","마음","평점","기대","별","눈","눈물","물","정도","감동적","하모니","예승","진짜","감동적","연기","영화","영화","재미","감동","을","잖","나","작품","어필","평론","줄","밑","개","글","사람","티비","동시","동시상영","상영","만원","만원내고","내고","솔","솔칙히","칙","히","평","점수","작품","영화","진실","평가","평점","1","1점","점","눈물","콧물","다혈질","친구","기대","현실감","류","류승룡씨","승","룡","씨","연기","어색","면도","천","천만","만","영화","듯","마음","한구석","감동","작품","작품임","임","4","4점","점","9","9점대평점","대","평점","꼴","1","1점","천만","알바","알바천국이구","천국","이구","평점","속지","240","240원","원","라","억지","감동","휴","초등학교","초등학교이후","이후","한번","진짜","영화","운","프","리","이후","2","2번째","번째","마음","재미","강제","꼬마","조연","최고","최고","우리","예승","눈물","여운","영화","눈","눈물","물","거","설정","자체","눈물","영화","내용","아쉬움","영화","번째","질질짯어","최고","굿","겁","슬픔","슬픔근대잼","근대","잼","넘","예승","아빠","사형","할려","데","다리","계속","딸","딸곁","곁","감동","미도","짱","충무로","충무로식","식","기획","코미디","재미","캐릭터","학대","눈물","의미","무엇","기자","평론가","다행","분","보세","재밋었습니","청","청장","장","재수","영화","나도","사람","감동","배우","생각","생각꿈","꿈","감동적","한국","한국영화보고","영화","보고","적","오랫만","오랫만임","임","굿","대","대ㅐ박","ㅐ","박","장난","머리","정도","영화","여운","눈물","말","진심","약간","억지","전개","뻔","스토리","예승","영화","음","기대","탓","말","장명","사람","이유","감동","이","결말","장면","소화","여","신파","뭐","말","영화","장면","기대","탓","한","사실","천만","영화","하기","가가","부족","느낌","잼","잼잇기도하면서","잇","기도","하면서","감동","감동적인영화","적인","영화","말","배우","연기","영화","마지막","장면","사람","영화","마찬가지","페이스","메이커","감동","작품","여운","남","남기기","기기","스토리","전개","스토리","감동","인위적","류","류승룡씨","승","룡","씨","연기","어색","예승","출연자","개인적","의견","현실감","이것","천만","진심","감동","숀","숀펜","펜","다코타","다코타패닝","패닝","비교","듯","우리","우리나라","나라","최고","영화","영화중하나","중","하나","눈물","나","세상","음","기대","기대이하","이하","아역","연기력","편","설정","연출","억지","영화","추천","힘","감동","영화","9.02","평점","영화","천만","관객","감성","느낌","눈물","질","아이","연기","끝","유치","졸작","감동적","최고","부성애","현실","ㅎ","ㅎㄷㄷ","ㄷ","영화","주세","때","웃음","눈물","감사","우리","모두","삶","단면","왜곡","우리","결국","사랑","사랑과","정의","이름","용서","용서해","해","좌익","좌익코드","코드","억지","정치","정치비판","비판","전형적","한국","기식","신파극","신파극인걸","인걸","초반","간파","마지막","류승룡","연기","빛","거","장면","장면때문","때문","7","7점","점","코웃음","눈물","겁","날","영화","만","처음","마지막","눈물","콧물","억지","설정","어색","연출","전개","감동","천만","진짜","감동","예","날","흑","오랜만","영화","엉","감동적","영화","한데","베스트","베스트극장","극장","정도","6","6점","점","박수","때","듯이","영화","해선","재미","감동","오랜만","거","류","류승룡","승","룡","아역","아역배우","배우","소원","이두","연기","진짜","최고","류승룡","연기","연기변신","변신","랄","랄라차기","라","차기","영화","영화끝","끝","기대","내용","예상","예상가능","가능","전형적","3","3류","류","영화","영화엿","엿","구멍","털이","데","영화","경찰청장","화","억지","억지설정","설정","감독","나","사나이","사나이심금","심","금","억지","웃음","감동","으","으음","음","영화","영화관","관","보기","평","취","6","6점","점","초반","설정","설정자체","자체","억지","억지라","라","몰입","머","영화","평점","류","류승룡빨","승","룡","빨","관객","10","10분고속스킵","분","고속","스킵","내용","정도","김","김보성","보성","의리","6","6점","점","굿","딸","부모","감동","듯","추천","잼","추천","10","감동적","9","9점대","점","대","듯","감동적","오랜만","영화","감사","재미","이상","초반","짜증","억지","80","90","90년대","년대","감동","자체","이야기","3","눈물","추천","추천이요","이요","영화","류","류승룡","승","룡","언제","흥행","흥행수표","수표","도전","성공","귀추","궁","재미","감동적","7","7번방의","번","방의","선물","영화","영화팀","팀","올해","상","개연성","사람","실화","영화","위주","동안","가슴","행복","진정","장르","코미디","점","감안","작","재미","감동","뭐","필요","정도","돈","돈내고","내고","볼만","영화","한국","영화","눈물","감성","스토리","반","사실","이","이야기","평","수","거기","출연진","연기력","약간","최루성","재료","류승룡","연기","조연","만","작품","수","최소한","개연성","무시","허","연출","영화","천만","듯","신파","타이밍","천만","천만신화","신화","천만","사실","이해","평점","7.5","7.5정도","정도","듯","류","류승룡","승","룡","연기","감동적","지금","1","1등","등","영화관","느낌","아침","눈물","눈물바다","바다","오랜만","감성","추천","개개인","취향","간만","저","감성","영화","딸","딸하나","하나","승아","러","러문가방","문","가방","잼","7","7번방의선물","번","방의","선물","영화관","처음","미","마지막","딸","변호사","아버지","죽음","누명","7","7번가","번가","배우","코익","연기","10","10점","점","님","뭐","이것","아카데미","아카데미상","상","영화","평점","거","최고","기구","창공","순간","감동적","나","생각","집중","시간","줄","점","점수","수","주신","분","영화","더하기","빼기","재가","박","박신혜","신","혜","사극","변호사","말투","뭐","저래","초등학교","학급","찬반","찬반토론","토론","줄","간만","영화","소리","소리내","내","재미","감동","흡족","처음","로그","해","평점","영화","추천","보시","보시길","길","한국","한국영화","영화","재미","아빠","해","남동생","우리","가족","저","정도","완성","생각","예","예승","승","캐릭터","사랑","연기","완성도","정도","굿","개연성","몰입","몰입도가","도가","연기","대중","대중영화","영화","관객","나","겐","웃음","감동","한국","한국영화","영화","감동","수","아마겟돈","7","8","8점","점","결론","무엇","세일러","세일러문","문","가방","골목","말","눈물","눈물콧물","콧물","쏵","예고편","예고편정도","정도","느낌","후반부","맘","억지","뭐","장르","사형","만점","정의","승리","식상","권력","운명","마지막","때","넘","감동적","코믹","감동","억지","억지","억지감동스토리","감동","스토리","눈물","녕","하품","거지","장면","볼만","건","코믹","저","6","6점이요","점","이요","승","승룡","룡","형","오열","조연","연기","연기때문","때문","7","7점줌","점","줌","천","이것","천삼백만","삼","백만","영화","감동적","나","이태리","이태리영화","인생","생각","대박","한국판","임","이백","이면","봣","감동적","대","대작","작","뺨","눈물","수","마지막","장면","이","처지","분노","대한","대한민국","민국","사회","강자","약자","보호","모습","해피엔딩","가족","보","보세요","세요","애기","연기","억지","생각","영화","몰입","수","감동","자체","이래","거","영화","영화관","감동적","재미","스토리","스토리진행","진행","억지","거","흠","이것","범죄자","미화","경찰의","잘못","수사","가정","파탄","파탄수준","수준","존재","존재자체","자체","비극적","한","가족","가족이야기","이야기","2","2점","점","건","관객","과도","친절","신파","리얼리티","개연성","부재","마지막","교도소","담장","열기구","열기구씬","씬","삽입","사족","오버","풍선","극장","돈","영화","영화임","임","영화","때","운","뒤늦게","후회","지경","님","관심","거","개","쓰레기","너","평점","평점란","란","자기","소","소개을","개을","범죄자","미화","영화","이해","가면","번","수준","영","영화을","화을","아버지","무죄","딸","끝","위","영화","강추","최고","눈물","줄","잘만","라","라ㅜ","ㅜ","억지","억지감동","감동","영화","감동","26","26년","년","영화","본적","처음","저","가슴","마음","감사","글","시작","때","떄","눈물","콧물","침","최고","영화","거","마니","휴지","필요","감동","영화","베","베트스","트스","순위","5","5위안","위안","극장가","후회","2","2번","번","후회","영화","ㅇ","이것","역대","한국","영화","3","3위","위","웃기","웃기지도","지도","평점","8","8점","점","초반","가슴","감동","마음","켠","관객","영화","목표","듯","장면","수","눈물","스토리","개연성","장치","배우","연기","6","6점","점","재","재밋게","밋","게","본","본영화","영화","기억","거","마지막","눈물","계속","류","류승룡씨","승","룡","씨","영화","스토리","연","연기자","기자","내일","내일비번","비번","새벽","혼자","극장","안가","안가길","길","생각","왜냐","나","동안","년","눈물","난아","감성","난아직","직","기대","터","실망","이용구","감옥살이","억지","아이","사고","코미디","구성","구성자체","자체","별","액션","액션감동영화","감동","영화","혜의","눈물","눈물연기","연기","관객","관객수","수","평점","정도","억지","억지감동","감동","판타지","판타지영화","영화","교도소","미화","불편","스토리","현실성","영화","부성애","사회","이것","뭐","눈물","난리","김치","김치년","년","영화","이","공감","감수성","둘","둘중","중","하나","10","10점","점","영화","듯","재미","영화","집중","수","감동","유발","공감","생각","감동적","스토리","10","10점","점","영화","감동적","개연성","연출","엉망","보신","보신분","분","실","씬","상상","장면","줄","평가","불가능","생각","으","으리","리","2","2점","점","드림","판","오","대한","대한민국","민국","정의","현실","우리","한번","서","부모","자식","간","사랑","행복","시간","주변","이웃","장애","장애우","우","차별","세상","33","33년","년","영화","중","눈물","뭐","평","극","거","개인적","감상","중간","결말","결말느낌","느낌","후","터","묘","말","딱이","새벽","새벽1시","1","시","지금","3","3시넘엇","넘엇","데","학교","학교가야","가야","잠","이거","ㅠ살려주세","때","아","류","류승룡","승","룡","연기","넘","소원","쇼","쇼생크탈출","생크","탈출","10","10점","점","평점","평점9점1300","9","점","1300","만","뭐","쉬","한국","한국영화","영화","힘","알바","영화","처음","마지막","마지막장면","장면","발동","발동동","동","때","적","대","딸","사랑","아빠","마음","비교","무엇","수","류","류승용","승용","연기","5","5점","점","리","신파","신파물","물","스토리","스토리상","상","억지","유치","부분","보고","후","감동","커버","감동적","기회","영화","진짜","영화","감동","웃음","이것","간만","가슴","영화","법","정의","정의구현","구현","이용구","피해자","준비","영화관","큰일","뻔","선글라스","모자","본인","때","당","배우","연기","인상","눈물","날","날수가","수가","영화","간만","마음","수","영화","눈물","비현","비현실적","실적","현","현실적","말","사람","다큐멘터리","영화","감성","감성팔","팔","말","님","현실","비교","개","나","최고","영화","마지막","1","1점","점","애","뭐","10","10점","수준","운운","1점주면","주면","평론가","기분","찌","니들","영화","니들추천","추천","함","0","0점","터","코미디","코디","코디디","디","바지","거","니","때","승룡아너","광고","몽고인","몽고인역활","역","활","해","배우","끝","눈물","눈물콧물","콧물","불편","영화","기대","실망","저","개인적","집행자","하모니","감동","럭","볼만","처음으로","평점","봄","10","10점","점","주세","주세여","여","여","때","눈물","남자","남자눈","눈","아름","영화","기억","후반부","눈물","의미","사법부","식","수사","앞","일","거","1000","영화","이상","감사","전형적","신파","유머","재미","스토리","말","감성","감성팔이용","팔","이용","영화","슬픔","감이","안","1","1점","점","감성","감성팔이하","팔","이하","영화","폄하","사람","건조","세상","단비","감정","영화","엉덩이","뿔","최고","1","1점","점","애","영화","눈물","눈물난건첨","난건","첨","여운","거","전형적","감성","감성팔","팔","평","평점","점","9","9점","점","오랜만","느꼇","딸","아빠","사랑","신발","종","다","나","남자","재미","감동","날","영화관","왤","감동","9","9점대가","점","대가","한국판","아이","아이엠","엠","샘","수","듯","억지","면","한데","부성애","진짜","평점","이건","감동","봣","승","승룡","룡","바보","바보연기","연기","앞","마라","진짜","스토리","진부","억지","억지감동때문","감동","때문","배우","자","자체가","체가","연기력","장면","듯","9","9점","점","7","8","8점때","때","영화","부분","감동","스토리","평균","평균이상","이상","수작","한국","영화","영화중","중","상위권","말","판타지","스토리","배우","연기력","아역","맛","대사","로","흥행","수","영화","희노애락","감정","랫","랫분꼴갑","분","꼴","갑","ㅋ","류","류승룡","승","룡","연기","줄","바보","바보연기","신","신현준","현준","조승","조승우","우","한참","아래","실감","원래","일반인","개인기","느낌","몰입","방해","10","10점","점","은","솔","아니라고본다","영화","하다","배우","연기력","장난","거기","아역","아역배우","ㅎ","ㅎㄷㄷ","ㄷ","마지막","연출","감동","감동코드","코드","짜증","최고","영화","듯","간만","눈물","예승","소","소원양","원양","거","대박","눈물","이환","모양","뭐","완전","재","재밋음","밋","음","방","알바","오늘","영화","7","7번방의","번","방의","선물","을","오랜만","감동적","감동","감동심","심","순","순간","간","아버지","눈물","뻔","공감","마지막","30","30분","분","나","오점","결말","했어도","연기력","커버","나","영화","천만","호평","중간","감동적","최근","2","2년간","년","간","장르","영화","영화중","중","감동","혼자","눈물","날","수가","제작진","제작진쪽","쪽","부분","라","뻔","브금","연출","비평가","일반","진짜","최고","오늘","봣","대","감동","눈물","도둑","ㅜ","콩","비타민","영화","현실","몰입","1","1리터","리터","눈물","감정","비교","얼마","얼마전","전","연기력","영화","사람","정의","듯","장치","풍선","기구","등","몇몇","눈물","사람","취향","코드","류","류승룡","승","룡","이정","이정도면","도면","연기","진짜","장애","정도","애기","감탄","감사","감동적","영화","전개","부분","결말","터","점","굿","감동적","시간","줄","약간","비현","비현실적","실적","상황","상황설정","설정","몰입","방해","3","3점이하","점","이하","주시","사람","감정","싸이코","싸이코패스","패스","의심","듯","정신","정신병원가보","병원","가보","진단","박신혜","애기","연기","표정","어색","웃음","억지","억지표정","수","영화","억지감동영화","감동","중간","중간중간","루즈","감동","재","재밋고","밋","고","영화","듯이","거보","않슬프","건","건솔삐","솔","삐","척","척존","존","거","거임","임","눈물","정도","정","연기","박신혜연기","감동","열기","열기구라하나","구라","하나","거기","조금","조금유치","유치","감점","풍선","회상","아버지","눈물","오랜만","영화","아이","정신","정신지체","지체","조화","감사","짱","하나","하나둘셋","둘","셋","굿","소","소소한","소한","웃음","눈물","가슴","나","봄","감동적","예상","결과","실망","반전","줄","집","보","보라니","라니","쓰레기","쓰레기라니","사람","신고","감성이매랄라","매","이정","정도","하","깝깝","잔치","거","전형적","한국","한국영화","영화","작품","간","내가","보고","잼","감동적","봣","봣음","음","영화","이","영화보고","눈물","방울","사람","경찰청장","ㅅ","ㅅㅂ색","ㅂ","색","넘","재미","초","초딩수준","딩","수준","감성","감성팔","팔","영화","넘","잼","나","스탭","작가","감독","배우","작품","감사","상처","상처때문","때문","억지","실망","분","행복","수준","논의","그대","이것","9","9점","점","라니","답","억지","억지눈물","눈물","평점","9","9점대","점","대","말","억지","한국인","문화","수준","이것","실망","따름","이것","사람","눈","뇌","것중","중","억지","눈물","감동","사","사마리아법","마리아","법","용구","나","딸","자식","오","오렬","렬","1","1점","점","무엇","눈물","아버지","혼자","인가","내","내눈물","진실","최고","최고엿","엿","영화","영화보고","보고","처음","요즘","흥행","영화","공통점","레미제라블","광해","등등","진자","억압","약","자","이야기","우리","우리나라","나라","사람","가슴","응어리","많은","억지","잼","진짜","내","마지막","뻔","열기구","ㅈ","이야기","소재","영화","처음","2013","2013년","년","중","최고","감동","전체적","재미","내용","오버","느낌","픽션","관객","관객중","중","시각","보","보느냐에","느냐에","감정","추천","사람","영","캐릭터","연기력","영화","외국","사람","평가","부성애","정","선악","판단","이야기","전개","동시","부분","2","2점","점","감점","명절","명절때","때","티비","영화","평점","7","7점대","점","대","ㅇ","ㅇㅏㅜ대박","ㅏㅜ","대박","완전","영화","영화중이","중이","웃픈영화","듯","10","10점만점","점","만점","10점","대중적","흥행","흥행요소","요소","로만","체","체워","워","영화","설정","개연성","무시","연출","감동","무리","조연","캐릭터","유효","부성애","이","영화","결국","힘","자","자","앞","바보","바보천치","천치","감동","대한","대한민국","민국","현실","나","속","1","1점","점","0","0점","진짜","리뷰","수준","수준이하","이하","졸작","말","유치","감성","감성팔","팔","영화","창피","초등","초등학생수준","학생","듯","참","가면","가면갈수","갈수","평","평점","점","알바","제엔","제엔장","장","내","눈물","대뇌","전두엽","감동","군","기대치","유치","관객","감동","생각","완성도","천만","시각","거","간만","콧물","눈물","나도","나","감성","괜챃","영화","한번","보시","보시길","길","감동적","시간","분","말","취향","시간","감동적","영화인","영화인건","건","분명","박수","박수건달","건달","눈물","거지","느낌","스토리","초중반","몰입","거품","남자","남자친구","친구","영화관","둘","이번","그때","경찰청장","ㅋ","잼","영화","현실","그것","구분","인간","뭐","인생","번","최고","진짜","평점","영화","이것","처음","영화","자","감성","이해","논픽션","새","엔딩","의도","뭐","지적","지적장애","장애","발달","발달장애","용구","부성애","주요","주요내용","내용","해피엔딩","오버","오버해서용구","해서","지리","식이","빵","빵하나","하나","때","우내","광해","수준","영화","한국","인기","원","개연성","밥","고","발악","싸구려","감성","감성팔","팔","제살","한국","한국영화","영화","돈","돈내고","내고","데","이상","눈물","처음","끝","눈물","완전","완전감동","감동","한국","영화","개","개중","중","최고","최고작","작","완전","완전감동","감동","동안","난리","예승","딸","감동적","오늘","티비","예상","결말","영화","머리","류","류승룡연기","승","룡","연기","대박","마음","구석","영화","비현","비현실적","실적","때문","아빠","추억","사람","누구","완전","강추","굿","말","필요","하다","내일","눈","부","부으","으","렇","으","엉","내용","평범","특별","영화","영화","비판","사람","현실","현실주의","주의","동화","빗","빗대어","대어","판단","자체","모순","말","억지","일","때문","무","무조","조","부모님","영화","사랑","어머니","아버지","친구","눈물","부모","부모간이","간이","커플","커플내용","내용","한국","영화구","구","말","영화","평점","7","7선","선","진","재미","예승","감정","소리","영화","보고","내","홍수","전","예고편","예측","예측가능","가능","영화","처음","어색","박","박신혜","신","혜","연기","눈물","부분","7","7점","점","감동적","영화","꼬마","꼬마애","애","연기","일품","실제","우리","나라","양반","아무","야","수","현실","비현","비현실적","실적","박","박신혜","신","혜","연기","재미","ㅋ","쥰","감동","실제","일","감동적","내가","한마디","경찰청장","개","개짱남","짱","남","최고","최고최고","머","이거","9","9점","점","오","오바다","바다","내","생각","7","8","8점","점","사람","1","함","ㅈ","ㅈㅅ","ㅅ","이것","점","레미제라블","라니","실제","큰일","큰일임","임","영화","영화여","여","다행","이야기","데","사실","눈물","정도","리얼리티","억지","억지영화","영화","비난","뭐","니들","영화","수","리","리우드","우드","난무","노래","감동","마지막","하나","둘","셋","때","완전","감동","최고","영화","감동적","맹목적","비난","샛","샛기","기","7","7방","방","입소","입소후","후","에피소드","제작진","배우","고군","고군분투","분투","만점","10","10점","점","만큼","영화","영화엿","엿","배우","연기","최고","감동적","올해","최고","영화","7","7점","점","젖","젖절하고요","절하","고요","도중","영구","짓","빡쳐","껏","기분","죄수","미화","조","뻔","이야기","어","천만","천만넘","넘","7","7번방의","번","방의","선물","진리","용구","때","내가","연기자","연기력","의존","영화","현재","과거","어색","과거와의","와의","짝","말","눈물샘","폭발","영화","영화","드라마","드라마보고","보고","눈물","내가","1","하나","하나둘셋","둘","셋","장면","7","7점","점","알바","눈물","대박","재","재밋","밋","눈물","완성도","졸작","눈물샘","자극","몸부림","전부","영화","영화보고","보고","평점","7","7점","점","정도","대중","대중예술","예술","상업","상업영화","광해","이브","표절","표절작","작","7번방","번","방","심","심파","파","억지","억지설정","설정","완전","한번","한번엄마","엄마","하늘","하늘아래","아래","한국","한국영화","시대","역","내용","감동적","기도","코믹","부분","박","박신혜씨","신","혜","씨","생각","연기","전","법정","강력","강력추천","추천","시대","시대인","만큼","촌","면","작품","암말","후회","ㅋ","코미디","영화","비평가","관객","잣대","영화","천만","힘","평가","상위권","위치","자격","이야기","전개","부분","부분부분","스킵","듯","결말","조인","중","중반부","반부","영화","봄","진짜","마지막","류","류승용","승용","때","듯","르","울음","울음ㅠ","ㅠ","억지감","억지감동주","동주","영화","생각","내","가족","심정","감동","9","9점","점","영화","평점","속지","속지말","말","바다","사람","감정","오늘","영화","평점남기","남기","이것","감동","이정","이정도면","도면","최고","휴","그전","한국","억지","억지감동","감동","영화","꺼","내용","결혼","애","자식","수","현","시대","발","평점","속지","속지마세","마세","말","표현","수","영화","쵝","쵝오","오","최","ㅎ","말로","표현","수","영화","눈물","영화","강추","ㅠ","ㅠ감동","감동","1","1점","점","영화","평점","평점거품","거품","거","별기","별기대도","대도","안","영화","거","영화때문","때문","일","시간","줄","승아","사랑","웃음","울음","내","가슴","영화","철","딸","아버지","어른","부성애","추천","재","재밋게","밋","게","잘봣어","류","류승룡짱","승","룡","짱","추억","세일러","세일러문","문","영화","1","1점","점","심","심하자","하자","캐릭터","학대","눈물","감동","감동재미교훈","재미","교훈","싹","7","7번방","번","방","죄수","연기","전체적","구성","억지","박","박신혜","신","혜","부분","초딩","연출","듯","유치","감동적","감동적ㅠ","ㅠ","1","1점","점","9","9점","평점","생각","코미디","판타지","드라마","중심","장르","전체적","산","신파","소원","소원양","양","역할","간만","예승","억지","웃음","웃음감동","감동","식상","너무재밋게봣어","0","기대","정도","평점","만큼","영화","배우","연기","일품","재","감동적","번","감동","수","평점","거품","화가","눈물","눈물","음","짱","여운","가시","눈물","하모니","2","쯤","웃음","감동","동시","만족","가슴속","울음","순간순간","맨","장면","개인적","영화","1000","관객","500","500만쯤","만","억지","인정","재","재밋게봣","밋","게","봣","어","영화","예승","넘","개","개잼","잼","영화","주세","이거","진심","능","감동적","하모니","만큼","감동","최고","ㅇ","ㅇㅏ유ㅠ","ㅏ","유","ㅠ","최고","최고임","임","코미디","코미디라","라","2","2시간동안계속","시간","동안","계속","진짜","진짜안보신분","안보","신분","한번","본","움","안보","후회","정도","다","최고","중","영화","듯","하모니","떄","이것","가기","영화","남","대박","영화","좋았","재","눈물","재밋","눈물업시","밋","업","여","시","수업","우리","우리나라","나라","사람","만큼","순수","감동","영화","천만","분위기","건","날","처음","눈물","영화","예승","연기","외","억지","스토리","중","몫","이상","우리","우리나라","나라","천만","관객","동원","영화","졸작","듯","평점","짱","짱임","임","구성","이것","1000","이때","본거","본거중","중","영화","대박","참","모","모ㅊ","ㅊ","재미","감동","영화","후","여자","여자친구","친구","여운","아버지","사랑","수","영화","말","굿","설정","현실","흥행","아이러니","영화","화가","감동","이것","천","영화","그린","그린마일","마일","외국","완전","완전감동임","감동","임","가슴","감동적","영화","배우","연기력","무마","눈물","억지","억지스토리","스토리","억지감동","감동","사랑","예승","완전","감동","말","웃픈","웃픈영화","영화","대한","대한민국","민국","배우","팅","ㅎ","스토리","감동","이거","재밍ㅆ으면서","나","별","캐릭터","때문","인스턴트","눈물","잼","재밋어","짱","유","최고","한국판","아이","아이엠샘","엠","샘","감동","최고","소재","가족","최고","웃음","감동","영화","예승","배우","연기","비타민","한국","영화","굿","완전","감동","진짜","극장","극장안","안","영화","생각","정도","정도임","임","좋앗","좋앗어","어","오랜만","가슴","지네","울기","소장","담","또볼려구","간만","영화","배우","연기","몰입","몰입도가","도가","영화","평론","그것","짓","마음","가족","가족영화","영화","영화","거","처음","주위","사람","추천","영화","중","하나","감동","기억","ㅇ","영화","한국","사법부","실체","일","정치인","입법","자","자나깨","나깨","연예인","악","달","시간","감시","완전","데","ㅇ","ㅇㅇ","꿀","꿀잼","잼","이것저것","수준","영화","틀림","재미","반대","감정","수","필요","필요하다","하다","생각","머리","마음","최고","잼","스토리","하지","감동","영화","이거","머","생각","사람","독창성","예","이의","눈물","앵벌이","스토리","아이앰샘","발끝","영화","눈물","그것","이상","의미","최루탄","뿐","강제","짰으뮤","막판","억지","억지임","임","하모니","영화","영화정도로","정","도로","밖","생각","국민","세뇌","휴먼","감동","천만","천만관객","관객","오버","영화","파트너","연애","짓","건축학","건축학개론","개론","정도","재미","생각","듯","장사꾼","바보","등장","대중","세뇌","군","돈","돈주고본영화","주고","본","영화","중","제일","제일재밋게","재","밋","게","봣","눈물","영화","영화","전","감동","잘봤","영화","씅","짱","류","류승룡짱","승","룡","거품","억지","예상","스토리","잠","말","진짜","여운","영화","류","류승룡","승","룡","당신","최고","감동적","개봉","마자","1","1등","등","관람","영화","적","인생","베르토","니","주","주연","연","감독","감동","듯","연기","스토리","끝물","예승","예승이도","이도","류","류승룡씨","승","룡","씨","연기","눈물","눈물콧물","콧물","때","갑니다","이거","비교","동화","현","현실적","실적","영화","이","억지","개","개억지","가족","사람","결말","영화","영화","실화","대한","대한민국","민국","사람","울음","구덩이","내","마음","감동","최고","굿","최고","신파","코미디","코미디영화","영화","연기","고","예승","역할","아이","맘","사람","나","복","눈물","현실","르","감동","재미","영화","영화관","보기","돈","영화","알바","많어","한번","한번영화관","영화관","영화","말","영화","개봉","2","2주","주","쯤","여","소개","됬","ㅠ","10","10점","점","나","끝","때","감동","건","사회","소외층","이용","눈물","별","터","재밋네","박","박상면씨","상면","씨","방화","처벌","억지","부분","깨알","배우","배우분","분","때문","덕","영화","년","년만","만","후","남자","눈물","줄","이거","꼬마","꼬마애기","애기","연기","때","ㅎ","ㅇ","ㅇ완벽","완벽","거보","거보셈","셈","감동적","ㅠ","사람","욕","이해","영화","영화중","중","운","다","연기","진심","점수","거품","영화","현실성","이야기","현실","여","선물","ㅋ","그것","교도소","전체","성","성범죄자","범죄자","신나","만","말","감동","재미","냥","가족","가족영화","영화","9","9점대의","점","대의","평점","처음","애","때","후반","교도소","거랑","무","갭","재미","추천","매력","감동적","영화","말","필요","가요","극장","창피","정도","굿","개","감동적","하아","눈물","방울","진심","영화","캐릭터","학대","속","눈물","이입","슬픔","신파극","연민","영화","내용","자체","현실","언제","비교","감동","저","영화관","2","2번","번","돈","생각","않았","굿","갑","영화","비현","비현실적","실적","부분","수","열기구","장면","작위","불편","경찰","배우","덕","평점","5","5점","점","휴먼","휴먼다큐","다큐","사랑","로","로즈드","즈드","노트","등","어디","장면","뭐","리","리우드","우드","키드","생애","하나","빌리엘리어트","때","눈물","1","1회성휘발성","회성","휘발성","감동","우","7","7번방의","번","재","선물","방의","감동적","때","영화","시작","연기","배우","앞","오랜만","가슴","영화","미","감동","쇼","쇼생크탈출","생크","탈출","사람","약간","실망감","연기","연기대박이","대","박이","저","영화","영화보고","보고","거","처음","쨩","능","점","억지","설정","후반부","몰입","박신혜씨","현실감","연기","감동적","영화","9","9점","점","10","10점","점수","첨","생각","진짜","내용","말","거","연","연기자","기자","실감","하나","봤어요ㅠ영화","경찰","재미","감동","9","9점","점","안됨","설","설특수","특수","가족","가족낚시","낚시","영화","감상","감상팔이","팔","이","스토리","스토리뻔","뻔","거","억지","눈물","제가","감성","건","영화","거품","사람","눈치","정도","은근","현실","비판","점","울엇네","감동","재미","둘","수","최고","최고엿","엿","거","굿","번","예산","예산부족","부족","거","완전","완전감동","감동","4","4점","점","영화","필요","십","십점","점","만","구점","감동","영화","꼬마","여자애","연기","눈물","정도","감동적","개인적","비현","비현실적","실적","경찰","감동적","밑","1","1점","점","바","내가","이상","생각","별","짱","ㅠ","감동적","감동적임","임","굳영","굳영화","화","바","억지","눈물","눈물평점","평점","듯","개인적","레미제라블","펏","조카","예승","눈물","콧물","번","잼","완전","40000","40000명","명","만","배우","배우분","분","연기","모두","영화","연","무엇","연개성","개성","거","집중","화면","스크린","웃음","가미","영화내용면","내용","면","슬픔","올","감동","최고","배우","뻔","전개","억지","신파","상업","상업영화","영화","스타일","한국","한국사람","사람","이유","칠","방","영화","천만","때","때환타지","환타지","흥행","신파","말","설정","아이","아이엠셈","엠","셈","감옥","감옥버전","버전","감초","감초연기자","연기자","로","코믹","뿐","한국경","경","억지","억지웃음","웃음","억지울음","울음","넘","감정","진짜","진짜영화","영화","본적","칠","방","듯","거","보통","이거","별","별점10점","점","10","점","부족","100","100개","개","번","번방화이팅","방화","이팅","진심","최고","최고임","임","제가","본","본영화중","영화","중","듯","ㅎ","최고","최고임","임","졸작","클리셰","판타지","판타지수준","수준","스토리","억지","억지울음","울음","제조기","류","류승룡","승","룡","연기","1","1점","점","나","놈","흉악범이라는","설정","존재","눈물","웃음","명품","명품배우","배우","진심","진심쵝","쵝","완전","완전짱","짱","눈물","제작비","영화","최고","작품","10","10점","점","마음","최고","재","재밋구","밋","구","감동","저","이거","짯","오","강추","7","7번방의","번","방의","선물","팟","딸","아빠","희생","감동적","한국","한국영화","영화","발전","광해","개봉","완전","감동","중간","중간중간","거","마지막","폭풍","폭풍눈물","눈물","ㅠ","눈물","영화","거","듯","영화","예","예승","승","귀요","귀요미","미","마지막","감독","스토리","영","눈물","기계","기계영화작품","영화","작품","지인","이랑","가족","볼만","볼만하다","하다","현","영화","현실적","실적","어디","나","재","재밌으","밌으","정서","우리","우리나라","나라","재미","감동","눈물","출연진","연기력","최고","소리","줄","재미","무지","감동적","바보","감동","너","이래","억지","신파","장면","화","연기력","곳","영화","약자","피해","피해의식","의식","동조","영화","예승","콩","다","짱","신파","영화","영화중","중","하나","연기","부정적","면","커버","억지","영화","한국","관객","수준","대박","마지막","감독","스토리","번","기자","감정","평점","오나","추","추천","천","감동적","연기","스토리","레인맨","길버트","그레이프","반","반도","안","ㅉ","ㅉㅉ","천만","이유","뭐","감동","정작","영화","빛","생각","짱","예승","억지","스토리","스토리라","라","영화","스토리","감성","자극","요소","맣","개성파","배우","연기력","연출","박수","영화","천","영화","세가지","필요","시나리오","프레드","히치콕","이","진부","신","신파","파","유치","억지","뒤범벅","3","3류중의","류","중의","3류","수","신파","스토리","별","류","류승룡","승","룡","때문","예승","여","연기","최고","최고감동","감동","완벽","연기","스토리","연기","때문","점수","스토리","판타지","생각","듯","뭐","프냠","흑","흑ㅎ곯ㄱ구","ㅎ","곯ㄱ","구","러","ㅡ","ㅡ극","극","르","르허기ㅏ","허기","ㅏ","흑ㅎㄱ","ㄱ","완벽","작품","수","류승룡","정","정진영","진영","연기","커버","영화","류","류승룡","승","룡","최종","최종병기","병기","활","눈","내","아내","호감","광해","7","7번방의","번","방의","선물","열광","천만","서울","잎","억지","억지감동","감동","눈물","돈","7","7번방의","번","방의","선물","돈","영화","2","2번","번","잼","나","액션","재미","재미감동","감동","둘","기분","영화","마지막","극장","울음","사람","로","류","류승룡","승","룡","짱","굿","류","류승","승","악역","옷","예승","연기","거","재","재밌엌","밌엌","한국적","영화","억지","웃음","생각","평점","정도","감동적","7","7점","점","정도","거","눈물","손발","억지","미스","억지","억지감동","감동","슬픔","슬픔ㅜ","ㅜ","눈물","억지","설정","천만","천만영화급","영화","급","절대","감동","5","5점","점","9","9점대","점","대","줌","나","지금","영화","영화중","중","생각","잼","내용","진심","대박","아우","폭풍","눈물","뼌","스토리","비디오","감동","최고","영화","폭풍","폭풍눈물","눈물","감동","진짜","감동적","ㅠ","우리","우리가족","가족","전체","예승","연기력","고","때","뒤","여지","아빠","돈","영화","갑","리얼리티","최루성","하나","하나만큼","만큼","갑인","영화","최근","영화중","중","기장","사람","감동적","억지","느낌","영화","감동적","감동","우리","현실","영화","거","감동","쓰나미","뻔","때문","결말","결말부분","부분","등","감동","방해","많았음","1200","1200만이상","만","이상","관객","중","일","일명","명","있음","이","감동","듯","재이","감동","작위적","연출","말","열기구","열기구씬","씬","류","류승용","승용","정","정진영","진영","등","배우","연기","연기때문","때문","시간","줄","영화","아저씨","이후","처음","최고","감동","슬픔","중간","중간중간","현실성","열기구","영화","정도","설득력","생각","최고","말","필요","잼","억지","억지감동","감동","눈물","극장","영화","거","웃으","웃으과","과","감동","영화","기구","기구때문","때문","1","1점","점","감점","뭐","현실성","프뮤","번째","때","었으뮤","승아","재미","감동","완벽","거","영화","영화관","관","입","소리","소리안","안","대","담","혼자","때","울어야겠어","일상","저","힐링","처음","기대","인지","생각","눈물","감동적","여","영화","범죄","범죄좌미화","좌","미화","뻔","전개","유치","얘기","영화","목적","다","거","수","감동","완벽","앞","무엇","우리","추구","스토리","결말","뻔","내용","속","감동","전달","영화","영화관","눈물","최고","최고예","예","감동","감동스토리","스토리","최고","전개","말","조금","감동","처음","영화","봄","보고","재미","재미없으","없으","허구","날","억지","억지눈물","눈물","억지감동","감동","뻔","스토리","스토리드립","드립","ㅉㅉ","어디","이거","이유","말","예승","때","감사","영화","결국","미안","수","아버지","마음","굿","진심","영화","주변","주변사람","사람","정도","눈물","최고","개인적","최악","대중","선택","이유","듯","나","아버지","그분","감사","지금","영화","영화중","중","움","움ㅜ","ㅜ","억지","눈물","내용","감동","킬려","눈","앞","스토리","메리트","평범","식상","감동","이야기","영화","눈물","코믹","코믹적인","적인","요소","감동","나름","생각","무엇","김승룡","연기","최고","영화","거","감성","팔","영화","진짜","감동적","재미","감동","말","때","보세","애원","억지","설정","억지눈물","눈물","1000","1000만이라니","만이","라니","평점","1","점","재미","내용","보통","보통사람","사람","공감","부족","듯","영화","개연성","사실성","등","배제","수","감정","감정소비","소비","기대","듯","완전","이거","거","어","어여","여","단순","신파","굿","감성","감성팔","팔","영화","이거","안보","안보신분","신분","오늘","롯데","롯데시네마","시네마","7","7번방의선물","번","방의","선물","이","영화","반복","구","마지막","마지막부분","부분","눈물","눈물한번","한번","분","강추","눈","부","부었으뮤","었으뮤","거일","기대","수도","인위적","느낌","조연","조연배우","배우","그거","이거","듯","말","필요","최고","최고임","임","휴지","가족","4","4명","명","봣어","공짜","예매권","준비","지갑","팝콘","콧물","콧물눈물","눈물","옷","남편","딸애","남자","남자친구","친구","본","영","영환","환","의리","부족","1","1점","점","이용구","10","쓰래","재미","재미쮸","쮸","대박","대박임","임","11","9","9점대","점","대","듯","나","말","짱","한국","최고","흥행작","거","기대","감독","감동","반감","짱","잼","잼있음","있음","박","박신혜","신","혜","단독","단독신","연기","모습","감동","류","류승룡님","승","룡","님","영화","영화안","안","용","용구","구","자체","몸짓","말투","시선","시선처리","처리","게","내가","예승","이면","생각","정도","조","조연분","연분","완벽","연기","엔딩","여운","표","인위적","감동","쓰레기","영화","평점","9","9점","점","이해","안감","영화","감동적","예승","용구","용구아버지","아버지","명품","명품연기","연기","용구아빠","아빠","인생","사형","영화에욤","에욤","의리","재미","감동","둘","최고","스토리","류","류승룡씨","승","룡","씨","연기","명품","무엇","감동","재미","한번","수","영화","오랜만","충무로","좆","영화","범죄자","조폭","미화","거","인권","사형","금지","뭐","거지","위","하모니","7","7번방","번","방","범죄자","미화","영화","감동적","감동적인건","인건","수","8","8점","점","감","동","적임","눈물","감동","완전","감동","류","류승룡","승","룡","재밋게봤어","개연성","플롯","1","1점","점","평점","최고","한국","한국영화","영화","완전","설정","영화","억지","일상","평범","일","데","전","개인적","딸래미","구","구욥","욥","예승","류","류승룡씨","승","룡","씨","연기","감동","뭐","눈물","눈물씬","씬","방","몰입","첨","장면","억지","억지감동","감동","범죄자","범죄자미화","미화","말","영화","영화감상","감상","때","뿐","환상","아무","거","오해","15","15세","세","이상","관","류","류승룡씨","승","룡","씨","연기","억지","억지코드","코드","억지","억지감동","감동","중","중박","박","터","류","류승룡","승","룡","연기","징역","사람","너무재밋게봣내","귿","흠","아버지","사랑","기사","초점","영화","진짜","목적","사형수","원한","얘기","ㅎ","손수건","지참","감동적","10","10점","점","열기구","때","시각","포기","감동적","반복","내용","영화","전","말","표현","안됨","영화","영화보고","보고","나","예고편","눈물","이때","쯤","내용","눈","눈물","수","일","내","생애","생애최고야","최고","야","영화","처음","적","짱","말","눈물","마지막","마지막쯤","쯤","굿","눈물","눈물콧물","콧물","흘림","최고","말","필요","영화","류","류승용","승용","바보","바보연기","연기","처음","오버","생각","수록","소원","나이","연기력","칭찬","예승","시간","돈","스토리","식","감동","말","설정","스타급","배우","포장","인생","짭퉁","짭퉁버전","버전","감동","재미","한국식","눈물","내기","영화","정석","감동","재미","황금","황금비율","비율","영화","범접","철학","사람","공감","언지","인간","인간적인","적인","있음","해","해주","주","감동적","영화","감사","오염","눈","단비","연기","몰입","엇슴","박신혜","예승","기여","기여움","움","간만","다","건면","건면됫","됫","감동","밤","밤9시55","9","시","55","분","중","중1딸","1","딸","소원","소원양","양","연기","예뻣구","마지막","마지막아버지","아버지","사형","사형직전","직전","철창","철창사이","사이","딸래미","오열","콧물","콧물눈물","눈물","뭐","감옥","감옥방","방","동화","절망","이거","저","태","딸","감사","떄","재일","재일인상","인상","바보","짓","류","류승용","승용","생가","감동","영화","웃음","생각","평점","땜","영화","너희","극장","볼만","대박","내","생","최고","영화","연기","최고최고","돈","하나","시청각","장애인","장애인분","분","그것","기대","기대되요","되요","영화","영화보고","보고","웃픈","영화","때","감정","배출","영화","지금","상영","진짜","감동적","영화","영화보고","보고","나","어","봣","봣어","어","마지막","감동","7","7번","번","방의","선물","짱","짱조아","조아","부모님","ㅎ","마지막","황","거","거임","임","스토리","억지","감동","영화","연기력","번","거","돈","아까","아까운영","운영","재","재밋","밋","보신","극장가","한번","폭풍","폭풍눈물작렬","눈물","작렬","ㅠ","영화","울음","수","다음","붕어","붕어눈","눈","9","9점","점","영화","주체","대학로","연극","느낌","시나리오","예승","열기구","장면","10","10점","점","영화","완전","대박","눈물","듯","한마디","대박","프","프노","노","영화관","운","운건","건","첨","듯","억지","억지감동","감동","뻔","스토리","질색","류","영화","기대","천만","선택","영화","한국","한국영화","파이","파이팅ㅋ","팅ㅋ","진짜","최고","강추","영화","강추영화관","영화관","재","재밋","밋","마지막","심","마음","추천","ㅋ","감동","재미","홍보","때","코미디","줄","뒷통수","느낌","ㅋ","감동적","스토리","뭐","배우","연기","스토리","완성도","말","영화","재미","눈물","쥐어짜낼려","발악","영화","한국","수","머","생각","최고","한번","영화","눈물","데","영화","1","1순위","순위","여기","끝","굿","말","류","류승룡씨","승","룡","씨","짱","굿","굿굿","베리","스토리","씬","화장","짐","ㅠ","눈물","콧물","영화","저희","아빠","생각","무","감사","감사하다","하다","ㅜ","ㅜ짱","짱","한가지","반찬","밥상","줄","영화","올해","올해본","본","최고","셈","기대","실망","전개","억지","3","3번","번","됫","데","아","달","달수","수","김","김정태","정태","류","류승룡","승","룡","대","대박","박","마지막","완전","펐그","눈물","참","최고","감성","감성팔","팔","최근","한국","한국영화","영화","50","50년대","년대","수준","말","완전","점수","극장","가지","어드밴티지","설정","조금","별","광복절","특사","특사식","식","가족","가족영화","영화","약간","감동","현실성","억지","눈물","완전","오","오바","바","완벽","드라마","다음날","눈","본지","한참","지금","감동","기대","기대이하","이하","내가","내가영화보고","영화","보고","첨","경찰청장","화","혼자","엉","거","마지막이넘아쉬워","짱","ㅁ","이거","안보","사람","눈물","영화","처음","콧물","콧물때메","때","메","줄","작품","영화","해석","수","감","감성적","성적","정서적","측면","사람","감정","생각","억지","억지적인","적인","전개","전개내용","내용","경찰","악당","영화","봐야겠지","지적","지적장애인","장애인","사형","말","배우","연기","대세","류","류승룡","승","룡","수준","수준이하","이하","졸작","거지","6","6점","점","평점","1","1점","처음","고민","기대","옆","여자","관객","정도","기대이하","이하","입","입소문","소문","과장","영화","생각","기대","기대이하","이하","연출","억지","설정","여기","만","건","류","류승룡","승","룡","연기","연기실력","실력","뿐","오랜만","거","한번","악플","비하","평점","평점주고","주고","울","눈","척","남자","관객","옆","내","주고","돈","가시","가시방석","방석","의자","강추","동생","나","개","아부지","매","반","감성","영화","ㅋ","ㅋ그동안","그동안","사람","가슴","눈물","넘","픽션","사람","실제","생각","별","기대","기대치","영화","감성","감성팔","팔","별","별100개","100","개","모자","내","생애","최고","영화","파이","파이팅","팅","감동","양","옆","남자","류","류승룡","승","룡","연기","억지","억지감동","감동","완전","흥행","번","눈물","이거","9","9점대","점","밑","대","말","거","뭐","영화","영화자체","자체","배경","배경음악","음악","색감","내용","개인적","완벽","영화","진짜","최고","최고","제가","영화","영화중","중","나중","후","돈","영화엿","엿","감동","ㅅ","ㅅ느ㅡㅇ","느ㅡ","ㅇ","ㅈ","ㅈㅂ늗","ㅂ","늗","최고","강추","내","눈물","눈물코드","코드","영화","여","여친","친","옆","주","주륵","륵","마지막","중간","덜슬펏지","가족","중함","영화","감동","눈물","경찰","강압","강압수사","수사","목","용구","뿐","쓰레기","뭐","분","개인적","차","암","주연","조연","캐릭터","절대","천만","9","9점대영화","점대","영화","7.7","7.7정도","정도","거","눈","눈문","문","나","감성","눈물","투병","다큐멘터리","배꼽","눈","봣","영화","전공","머리","예승","또래","딸","44","44살","살","아저씨","중학교","중학교때","때","명화","명화극장","극장","오해","영화이후","이후","30","30년만","년","만","눈물","꺼","꺼억","억","예전","지금","거지","영화","지지","듯","딸","밖","용구","가슴","영화","완전","완전슬픔","슬픔","7","7점중반대","점","중반","대","영화","시기","밖","말","진짜","평점","9","9점","천","관객","갑","튀임","어이","어이상실","상실","졸작","재미","감동","모두","최고","감동적","욷","욷기고","기고","잼","의리","류","류승룡씨","승","룡","씨","대","대박","박","영화","잼쎃","지금","저","2","제","제3","3","일","계속","세월","처음","시작","말","억지","감동","눈물","감동적","짱","짱","ㅠ","10","10점","점","수","마음","돈","영화","생각","영화관","안","영화","완전","완전재미","재미","생각","영화","천사","내","안","악마","순간","고개","때문","공존","중","끌어올려야겠다","자각","완전","대박","사람","의리","일부","벌점","거","인간적","감동적","영화","다","아빠","감정","진실","수","류승룡","영화","내용","천만","천만영화","타이밍","중","가본","가본영화","영화","최","첨","나","ㅎ","중간","장면","아빠","돈독","ㅎ딸","딸","재","보앗","사이","재밋엇","보앗습","밋엇","습","데","7","7번방의","번","선물","지지","방의","머리","머리속","속","만점","점","십","십점","점","감성","감성팔","팔","ㄴ","좆","좆노잼","노","잼","뭐","하모니","필","연기","제외","구성","전개","추측","추측가능","가능","뻔","감성","감성팔","팔","영화","최고","영화","소리","가지","눈물","장면","몰입","고연","연기","하나하나","고연기자","기자","뭐","랄","딸","아빠","모습","중간","ㅠ","보","보셈ㅠ2","셈","2","번","번보셈","보셈","최고","달","영화","5","5개","개","제일","감동적","젬","이거","감정","거","내생","최고","영화","여","진짜","번","영화","영화중","중","제일","펏","억지","억지감동","감동","스토리","감동","미","둘","수","수잇엇","잇엇","영화","올해","올해영화중","영화","중","이것","갑","저번","평점","의리","눈꼽","수","감성","감성팔","팔","선동","선동영화","영화","의리","곤","수가","감동","의리","영화","감동적","하나","냉정","사람","의리","예승","아빠","1000","1000만이","만이","영화","의리","동화","이야기","천만","말","안","이야기","전형적","눈물","내기","영화","일행","단순","유치","비현","비현실적","실적","감성","감성팔","팔","영화","보고왓는데내","감정","성향","인지","천만","천만영화","영화","하다","중간","중간중간","구성","구성면","면","점","발견","장면","마지막","잇","휴","나","예승","콩","비타민","2","2번","번","여자","눈물","영화","여운","감동적","영화","예승","장면","겁","제일","마니","의리","으헣헝","검사","변호사","의리","치","억지","부분","듯","영화","의리","완전","완전","한번","영화","모든","장면","명","명장면임","임","만점","눈물","감동적","영화","의리","해","해라","라","새끼","필요","후회","정도","감동","감동적인최고","적인","최고","연기","연기최고최고","영화","뻔","짱","ㄱ","말","필요","생각","중","내가","제일","영화","감동적","영화엿","엿","완전","최고","최고임","임","처음","영화","영화평","평","봄","눈물","수","재","재밋고","밋","고","영화","ㅋ","무엇","자신","목숨","사랑","영화","미국","진출","사람","관심","관심병","병","종자","무시","그놈","북한","최악","애기","연기","9","9점대","점","대","영화","그놈","범죄자","미화","우리","우리나라","나라","식상","소재","억지","감동","전개","흥행","배우","코믹","코믹연기","연기","한몫","듯","해","용구","사회적","소외","소외계층","계층","생각","계기","가슴","부성애","수","ㅠ","ㅅ","ㅅㅂ","ㅂ","완전","한국","한국영화","영화","3","축하","추천","감동적","영화","으","으리없네","리","없네","감동적","영화","억지","억지감동스토리","감동","스토리","평점","평점6점대","6","점","대","100","관객","영화","예승","콩","의리","영화","의리","결말","감동","극찬","영화","듯","재미","정도","휴지","눈물","도지","박","박그네시대","그네","시대","영화","주세","재","재밋어용","밋","어용","최고","최고얌","얌","매력적","영화","최고","폭풍","폭풍눈물","눈물","2","2번","번","영화","머","밍","휴","이것","10","10점","점","줄","만","만환","환","영화","분","분명","명","감동적","만점","반대","코드","1","1점","놈","뭐","임","생각","한숨","고","진짜","최고","최고당","당","연기","연기조합","조합","음","소","소재가","재가","아빠","딸","여","중","잘해줘야겠다","생각","쨋","재","재밋","밋","눈물","영화","완벽","말","필요","최고","감동","대박","대박대박","1200","1200만","만","돌파","알","현","현실적","실적","면","류","류승룡씨","승","룡","씨","연기","반함","재미","감동","수","재","재밋","밋","영화","평점","평점매기지마라","매","기지","마라","오랜만","친정","친정엄마","엄마","번째","영화","주연","주연만큼","만큼","조연","한번쯤","볼만","볼만하다","하다","번","번보기","보기","감동","이때","영화","영화중","중","눈물","거","한편","옥살이","분","지금","거","생각","여운","영화","평점","1","1점","점","놈","제대","가정","가정교육","교육","정상적","의심","감동적","10","10점","영화","감동적","최고","최고최고","스토리","재미","감동","영화","오랜만","감사","눈","앞","나이스","휴지","고가","고가지않고팝콘","지않","고","팝콘","팝콘통","통","눈물","전형적","한국식","영화","뻔","내용","내용전개","전개","거","마지막","억지","억지감동","감동","휴가","처음","영화","전형적","뻔","한국","한국영화","영화","이것","9","9점대","점","대","영화","감동","대리","대리만족","만족","뿐","완전","감동","억지","감동","최고","영화","사랑","어린아이","마음","수","펏","펏음ㄴ","음","ㄴ","간만","영화","봣네","진심","10","10점","점","진심","대박","조","기대","마지막","전반적","천","천만","만","1","1점","점","꺼","참여","말","말아이건","아이","건","10","10점","모지","영화","평점","천","천점","감동","흠","나름","볼만","볼만하나","하나","극장","예고편","웃음","포이트","다임","영화","시즌","시기","마케팅","대박","생각","쯩","일","일베충","베","충","고투","여자","알바","10","10점","점","찌","영화","말","영화","선동","선동영화","영화","이때","영화","것중","중","우","우행시","행시","제일","감동적","7","7번방","번","방","진리","돈","영화","1","1점","점","멍청이","때문","박","박신혜","신","혜","연기","눈물","재미","감동","둘","듯","아래","리뷰","범죄자","범죄자미화","미화","말","얘기","얘기해","해","대세","의리","영화","첨","첨부분","부분","끝","게송","내생","가슴","감동적","처음","범죄자","미화","영화","으","으리","리","오아시스","사막","실수","한국","정서","신파","아빠죽임","짱","1","1점","점","뭐","이","이찌질","찌","질","점","영화","우리","한","데","의리","재미","감동","내","생애","최고","영화","연기력","굿","범죄자","미화","미화영화","영화","감성","감성드립","드립","현실","웃음","감동","영화","상","상반기","반기","최고","때","눈물","감동적","끝","웃음","영화","2013","2013년","년","상반기","최고","구","구욷","욷","영화","평점","테러","ㄷ","ㄷㄷ","짓","데","하나","ㅉㅉ","ㅉㅉ알바비","알바","비","취","취존","존","바람","예교","예교편이","편이","다인","다인영화","영화","진심","현실성","그","진정","짐","눈물","강추","억지","억지감동","감동","범죄자","미화","의리","영화","스폰서","마케팅","마케팅작전","작전","성공","날","억지","부분","감동적","배우","배우분","분","연기","의리","범죄자","영화","한국","한국영화","영화","한계","완전","완전감동","감동","진짜","수준","수준이하","이하","졸작","설정","억지","법","집행","감동","눈","거","반지","제왕","세계관","각각","사건","개연성","점","영화","현","범죄자","옹호","쓰레기","영화","평점","영화","영화감독","감독","자금","사람","대한","대한민국","민국","범죄","범죄천국","천국","무의식","셈","이","사","사회","회","범죄자","사회","행복","자유","경찰관","욕","야","수","영화잖","의리","사나이","영화","영화보고","보고","진정","영웅","눈물","방","바람","내생","최고","영화","의리","어디","의리","야","경제","문화","차도","줄","ㅁ","별","기대","안","눈물","콧물","실","실컷","컷","어디","분","강추","영화","보성","보성형님","형님","으","으리때문","리","때문","영화","별","수","억지","눈물","눈물","눈물감동","감동","조폭","범죄자","사람","ㅉ","ㅉㅉ","으리가","으","으리","리","9","9점","점","10","10점","주기","앞","경찰","경찰조사","조사","장면","7","7점","6","6점","류승룡","연기","빛","조연","스토리","영화","주인공","ㅣ","ㅣ라","라","박신혜","생각","박","혜한","ㅇ","요즘","영화","의리","억지","억지눈물","눈물","불편","말","감성","영화","웃음","눈물","관객","감동","건","감성","영화","끝","이상","감성팔","팔","꺼","하","재","재밌엉","밌엉","웃음","감동","하나","하모니","보통","가지","토끼","내용","구성","결말","허무","영화","7","7번방의","번","방의","선물","전개","곳","류","류승룡","승","룡","아이","나","마이너스","천","천점","점","ㅅ","ㅅㅂ","ㅂ","류","류승룡","승","룡","안","안티","티","배우","개","개거품","거품","우리","라니","억지","억지눈물","눈물","가주","거지","어우","영화","십","십점","점","애","베","디시","베새끼","새끼","알바","거한","이것","구점","구점대","대","유지","엣","엣햄","햄","오유","의리","영화","동화","동화느낌","느낌","가족","비현","비현실적","실적","가슴","재밋어","ㅎ","아빠","사랑","영화","감상","한국인","감","감성적","성적","생각","수","한국","한국영화사상","사상","3","3위","위","쾌거","시기","한몫","제대","으","으리","리","자식","영화","으리가","부족","으","으리","리","오유","엣","이","영화","재미","식상","스토리","스토리라인","라인","수","명작","영화","역대","평점","평점2위","2","위","이해","이해가지","가지","오유","왔당","엣","이것","이","이천만","천만","영화","사랑","용구","일","일베충때","베","충","때","매","10","10점주고","점","주고","영화","일","일베","베","여기","테러","으","으리","리","이것","뭐죠","일","혐오","구의","예","의리","없도","재미","으","으리","리","ㅋ","최고","본지","됫지","삼청","삼청교육대","교육대","부활","라","가족","정","수","진짜","감동적","신파","신파닽","닽","데","내가","이상","류","류승룡","승","룡","말","스토리","스토리상","상","교도소","이야기","코믹","코믹영화","영화","7","7번방","번","방","배우","범죄자","미화","억지","감동","내서","거북","여자","식","1300","관람객","사형","사형제도","제도","불완전","영화","영화연기자","연기자","연기","제작","제작의도","의도","만큼","최고","거","의리","드립","의리개","개","색","색히","히","오유","일","일베","베","ㅄ같","존재","임","길거리","머리","줄","억지","억지울음","울음","내가","영화","평점","건","실","7","7점","점","중반","나","사람","힘","수","영화","1300","돌","돌바","바","축하","감성","감성팔","팔","눈물","결정적","의리","일","일베똘추백","베","똘","추백","수세기","김","김보성꼬봉","보성","꼬봉","으리라면서","평점","테러","사람","뭐","삭제","거","최고","영화","말","영화","강추","돈","돈내고","내고","번","으리가","감동","줌","바","바","영화","영화임","임","감성","감성팔","팔","1","1점","점","수용자","의리","류승룡","혼자","1","1점","점","꺼","오유","오유만세","만세","의","리","으","으리","가족","으","으리","리","둘","중","하나","면","영웅","러","러맨더","맨","더","귀환","뒤","나","수","무엇","눈물","셔츠","사나이","7","7번방","번","방","선물","무엇","그것","으","으리","리","생각","천","개","개거품","거품","곤","눈꼽","눈꼽만큼","만큼","수","영화","재미","기대","기대만큼","만큼","짱","오유","엣","영화","감성","감성팔","팔","의리","개연성","억지","눈물","신파극","스토리","볼만","영화","돈","오유","분","오늘","유머","의리","영화","구","신파","기획","영화","감성","감성팔","팔","아기","아빠","영화","첨","줄","평점","10","10점","점","1","1점","주연","의리","1","1점","점","마지막","죽","기","때문","영","영환데","환","데","평점","테러","분","감성","의리","영화","범죄자","미화","1","1점","점","의리","법치","우선","범죄","범죄영화","영화","의리","건답","거","하모니","남자","진짜","영화","최고","천만","내용","주인공","연기력","눈물","설정","억지","암","크라운","으리없","영화","안","당","영화","영화자체","자체","허","구성","차치","류","류승룡씨","승","룡","씨","연기","어색","몰입","2","의","아쉬움","98","감동","남자","눈물","진땀","울","분","강추","제목","후지","7","7번빵","번","빵","으","으리","리","정도","의리","감성","감성팔","팔","선동","공권력","공권력비하","비하","3","3류","류","한국","한국영화","영화","수준","친구","으리집","7","ㅋ","감동","선플","기적","대","대박","박","알바","거지","모","거","거임","임","1","1점","점","으","으리","리","기","개","개오버","오버","눈물","인간","욕","의리","최고","개","개싸구려","싸구려","초","초싸구려","왕","왕싸구려","류","류승룡","승","룡","애","거지","영화","흥행","흥행1위라니","1","위","라니","과속","과속스캔들","스캔들","수준","ㅂ","ㅂㅅ","ㅅ","으","으리","리","억지","억지감동","감동","작위적","스토리","스토리전개","전개","영화","전","틈","안주","영화","영화임","임","엄마","저","봣","으","으리","리","의리","운동","영화","펏","의리","영화","노","노잼","잼","억지","감동","으","으리라","리라","수","으리","리","영화","으리만으로","한국","한국영화","하","억지감동","짜증","나","으","으리","리","억지","억지감동","감동","구역질","의리","범죄자","미화","1","1점","점","의리","우선","균형","영화","영화보고","보고","나","수정","거","흠","으","친구","으리","리","손발","줄","ㅅ","ㅅㅂ","ㅂ","이것","영화","억지","억지감동","감동","의리","찌랭이들","ㅈ","리드","리드립","립","영화","감동","웃음","삼박자","영화","수","범죄자","의리","1","1점","점","범죄자","미화","영화","절대","안","으","으리","리","삼류","평점","3","3정","정","대박","범죄자","범죄자미화","미화","의리","영화","감성","ㄴ","의리","5","5점","점","죄수","간","의리","내용","감성","감성팔","팔","범죄자","키","미화","마라","우리","범죄자","세기","미화","1","1점","점","대박","대박영화","영화","굿","억지","감성","감성팔","팔","볼만","가치","있음","오브","의리","의리","범죄자","미화","영화","감동","녀석","좆","성해","성해라","라","으","으리","리","눈꼽","눈꼽만큼","만큼","현실성","제로","판타지","억지","억지눈물","눈물","공감대","위트","재미","전형적","한국","한국영화","영화","류","류승룡씨","승","룡","씨","연기","범죄자","범죄자미화영화","미화","영화","머","고","흉악","흉악범죄자","범죄자","미화","영화","오늘","오늘으","으","유머","으리","리","7","7번방으","번","방","선물","무","눈물","눈물콧물","콧물","일","일베충","베","충","ㅁ","ㅁㅊ년","ㅊ","년","의리","의리드립","드립","셀","셀레","레","더나","극장","극장안","안","널","널널","거","범죄자","미화","으","으리","리","영화","ㅇ","ㅇㄹㅇ","ㄹ","소원","박","박신혜","신","혜","감성","감성팔","팔","영화","감성","이의","작품","범죄인","미화","미화범죄자","범죄자","사형","라","의리","으","으리는","리는","범죄자","범죄자따위","따위","수","개","삼류","감성","감성팔","팔","영화","의리","편","예고편","예","고편","꺼","개연성","부족","세계관","붕괴","쓰레기","감성","감성팔이용","팔","이용","스토리","7","7번방","번","방","의리","그곳","영","웅","일","일베충박멸","베","충","박멸","왓","류","류승룡","승","룡","팅","관객","감동","웃음","영화","의리","10","10점","점","드림","유","유승룡씨","승","룡","씨","연기력","예승","와의","호흡","몰입","의리","억지","스토리","감동","거기","으","으리","리","1","1점","점","ㅉ","ㅉㅉ","일","일베","베","ㅉㅈ","ㅈ","병","병ㅁ신새","ㅁ","신","새","거리","희열","짓","없으","단체","오랜만","영화","9","9점","점","후","후반대","반대","영화","얘","장난","장난한번","한번","4","4만명","만","명","참가","거가","이캐","싸구려","감성","감성팔","팔","영화","의리","마이너스","별","별점","점","개","으","으리없노","리","없노","재미","재미종범","종범","으","으리없네","리","없네","영웅","영웅드립","드립","개","웃기","웃기넼","넼","의리","부녀","사랑","영화","감동","본","최근","본영화","영화","중","중최고","최고","인간","인간적인영화","적인","히트","세상","천","사람","천만명","만","명","증거","줄거리","최악","흉악범","미화","성","성범죄자","범죄자","살인자","영화","사실","사정","범죄","재미","말","의리","새끼","만","달수","달수형과","형과","으","으리","리","10","10점","점","말","의리","7","7번방","번","방","짱","사나이","으","으리","리","하품","하다","남자","말","상황","상황연출","연출","감정","쓰레기","영화류승룡나와","기대","깡패","으","으리","리","굿","ㅜ","악","악플","플","사람","재미","영화","보세","돈","시간","ㅆ","ㄱ","영화","말","판타지","판타지영화","영화","1000","영화라니","라니","관객","관객수준","수준","감동적","번","눈물","눈물콧물","콧물","주","주륵","륵","웃기","웃기건도","건도","감동","여","털","마지막","영화","노","노잼","잼","사실적","비현","비현실적","실적","교도소","곳","나","비현","비현실적","실적","으리업","예승","갑","이","을","이","영화","허","인디아","존스","박하","박하사탕","사탕","번지","점프","하다","노","노팅","팅","힐","식스","식스센스","센스","올드","올드보이","보이","평점","영화","진부","ㅋ","으리가","1","1점","점","한국","한국영화","영화","레","레파토리","파","토리","웃음","파구","파구점대","점대","오","오바","바","의리","개뿔","평점","평점테러","테러","영화","1","1점","점","영화","최고","감동","범죄자","뿐","감성","감성영화","영화","눈물","영화","내내웃엇다가울엇다","돈","아까","아까운영","운영","최고","딸","아빠가으리","감동","재미","눈물","느낌","이제","극장","영화","짱","7","7번방의","번","방의","선물","의리","저","점수","요","교도소","범죄자","미화","아빠","일어","노","노잼","잼","으","으리","리","영화","선유","선유꿀","꿀","짱","짱짱","천사","삼촌","최고","의리","감성","감성팔","팔","현실성","내용","억지","스토리","리뷰","댓","의견","슬픔","스토리","후반부","불","불퀘","퀘","정도","으리가","의리","차이","연기","연기천재","천재","박수","감동","감동ㅜ","ㅜ","으리가","베쯔","가족","이랑","우리","우리나라","나라","법원","검찰","수사력","개","개무시","무시","감정","감정팔","팔","영화","으","으리","리","스토리","억지","억지감동","감동","한국","영화","한계","억지","억지감동","감동","개인적","극","전개","배우","연기","스토리","스토리자체","자체","미흡","듯","의리","의리","영화","개","개10감성팔","10","감성","팔","류승룡","나","배우","배우중","중","하나","영화","이거","천조","천조국성","국성","의","대명","대명작","작","그린","그린마일","마일","베","베꼇","꼇","색","색기","기","억지","감동","영호","영호ㅓ","ㅓ","억지","억지눈물","눈물","영화","한번","적","저질","테크닉","마지막","쓰레기","봣","ㅣ","출연자","모두","연기","영화","의리","앞","웃음","후반","감동","구성","윌","현실성","눈물","수","어처구니","바보","바보연기","연기","거","심형래","라스트","갓","갓파더","파","더","꼼수","핍박","영화","국민","눈","귀","아이","아이폰5","폰","5","업","업로드","로드","누리","7","7번방","번","방","선물","의리","영화","오유","팅","짱","짱짱맨","맨","죄수","열기구","뭐","으","으리","리","감성","감성팔","팔","ㅁ","ㅁㅈㅎ","ㅈ","ㅎ","교도소","불법","감성","감성팔","팔","선동","선동하에","하에","정당화","말","소재","사용","영화","니","무","무재미","재미","비현","비현실적","실적","이거","악감정","책","보삼","마지막","마지막부분","부분","영화","1997","1997년","년","외환","외환위기","위기","때문","사람","희생","가슴","이야기","돈","이","마미","감동","하나","슬픔","슬픔","당신","영화","으","으리","리","수","나","사나이","말로","진정","7","7시방의","시","방의","선물","홍어","나","잼","눈물","눈물남","남","억지","억지감동","감동","노","노잼예스스트레스","잼","예스","스트레스","쓰레기","싸구려","감성","감성팔","팔","의리","삼류","삼류영화","영화","광해","재","재꼇","꼇","감동적","하다","억지","상황","관객","눈물","내기","주연","캐릭터","연출","불편","뿐","싸구려","신파극","범죄자","미화","미화영화","영화","수레","요란","요란하다","하다","소문","8","8번방","번","방","의리","의리","종범","ㅁ","ㅁㅈㅎ","ㅈ","ㅎ","싸구려","감동","눈물","평점","의리","한국","한국사람","사람","무엇","감동","내","연출","으","으리","리","영화","미화","이것","뭐","평점","이해","이해후","후","대한","대한민국","민국","경찰","악","표현","감방","죄수","선","극중","용구","일","거","사람","데","정","중요","본질","범죄자","미화","미화영화","영화","조폭","조폭영화","후속","교도소","으","으리","리","1","1점","점","으","으리","리","으","으리","리","의리","하라","갔노","개떡","영화","사기질","돈","만큼","나","1","1점","점","릴레이","뭐","ㅉ","ㅉㅉ","1200","1200만명","만","명","영화배우","제작자","돈방석","종영","평점","평점알바","알바","싹","한국","한국영","영","스포","있음","류","류승룡","승","룡","경찰청장","딸","누명","감옥","예승","생활","사형","결론","사람","의리","으리가","부복","억지","울음","예승","두고","류승룡","사형","그것","죄수","의리","때문","1","1점","점","으리가","으","으리없어서","리","없어서","ㅁ","ㅁㅈㅎ","ㅈ","ㅎ","범죄","노","노잼","잼","돈","의리","범죄","범죄물","물","애","혼란","곤","눈꼽","치도","ㅁ","ㅁㅈㅎ","ㅈ","ㅎ","노","노잼","잼","의리","범죄자","영화","마음속","의리","죄","죄값","값","넘","미화","마라","일","일베충","베","충","오유","개","여러분","이것","오유","의리","스토리","뻔","감동","무엇","영화","의리","죄","죄값","값","넘","미화","마라","개","개억지","억지","감성","감성팔","팔","돈","개연성","으","으리","리","영화","하다","소박","감동적","저","예산","예산영화","영화","감동","수","ㅎ","소리","아버지","안부","존","존내","내","감상","감상팔","팔","3","3류영화","류","영화","깡패","깡패새끼","새끼","으","으리","리","없노","만일","내가","영화","처음","십","십점","점","영웅","나","점","눈물","한강수","남자","의리","소재","자체","가슴","듯","으리가","머","연","연기도","기도","고","몰입","실망","기대","억지","스토리","억지감동","감동","결국","교도","교도소간","소간","새끼","미화","영화","어이","이거","옹호","사고방식","하면","니들","부모","니","사기","방화","강도","강도등","등","감","감빵","빵","그것","미친놈","노","노잼","잼","짱","1000","관객","나도","보","보런","런","영화","지갑","터","터워","워","만원","장","따위","길거리","거지","적선","사람","주세","이때","거","거예요란","예","요란","감독","영화","눈물","김치","영화","수준","감성","감성팔","팔","의리","부재","재미","거지","죄수","미화","요즘","시대","애","하나","감성","자극","성공","수준","낮","관객","문제","ㅉ","ㅉㅉ","감동","무엇","중요","의리","감동적","지가","으","으리가없는","리","가없는","희대","망","스트레스","노","노잼","잼","으","으리","리","감성","감성팔","팔","으","으리","리","어디","쪼ㅡ","ㅡ","으리업","범죄자","의리","기득권","세력","불신","폭","배경","감성","감성팔","팔","영화","손발","알바","의리","영화","판사","노","노잼","잼","웃음","눈물","동시","선물","영화","최고","처음","번","생각","영화","재미","마음","힘","주신","감사","알바","알바놈","놈","냔","짓","진심","거","앙","미련","종자","푼","돈","소","소고기","고기","사먹을려","의리","영화","중요","감성","감성팔","팔","이것","평점","보고","알바","마","말","터","생각","6","6천여명의","천여","명의","동원","수","관람","보세","역대","평점1위","1","위","의리","이것","영화","감성","감성팔","팔","의리","ㅁ","ㅁㅈㅎ","ㅈ","ㅎ","좌","선동","선동영화","영화","범죄자","범죄자미화","미화","뭐","의리","감성","감성팔","팔","ㅁ","ㅁㅈㅎ","ㅈ","ㅎ","감동","영화","으","으리","리","강제","눈물","거","삼류","삼류영화","영화","결말","약","영화","듯","1","1점","점","알바","처음","영화","영화보고","보고","공장","슬픔","싸구려","눈물","호소","목적인","영화","감동적","관객","영리","평가","천만","영화","이유","미국","오랫만","기분","1","1점정도","점","정도","후","느낌","글자","표현","노","노잼","잼","개","ㅁ","ㅁㅈㅎ","ㅈ","ㅎ","평점","의리","의리","없딘","의리","뿐","감성","감성팔","팔","세일러","세일러문가방","문","가방","남자","으","으리","리","으리지","리지","감동","의리","영화","으","으리는","리는","어디","감동","의리","영화","실망","감동","눈물","부족","영화","실망","영화","천만","천만영화","의리","감성","감성팔","팔","영화","1","1점","점","영화","리뷰","들어왓더","하면서","평점","무리","뭡","니","짜증","나","일","ㅉ","ㅉㅉ","의리","2","2달","달","천만","개소리","공짜","공짜표","표","영화","마루","마루욧","욧","감성","감성팔","팔","영화","1","1점","점","검찰","불신","바보","캐릭터","감성","감성팔이하","팔","이하","영화","사람","으","으리","리","저","숫자","7","영화","영화제목","제목","ㅡ저","1","1점","점","미화","감동적","으","으리없어서","리","없어서","1","1점","점","의리","영화","1","1등영화","등","영화","1등","으","으리","리","7","7번방의","번","방의","선물","1","1위","위","의미","1점","점","점","으","으리","리","부족","의리","영화","영웅","번","복습","딸","두고","떡하","으","으리","리","혼자","성","성룡","룡","형","1","1점","점","남자","으리지","으","으리","리","영화","의리","재미","남자","으","으리","리","타고","민주화","으리가","류승룡","나머지","동기","으리없","지","혼자","감성","감성팔","팔","억지","억지울음","울음","으","으리","리","영화","따위","개","정신","라","감성","감성팔","팔","으","으리","리","그지","의리","기대","주인공","캐릭터","의리","흠","영화","삭막","현대","현대사회","사회","으리가","부족","영화","하군료","으","으리","리","영화","이것","1","1천만","천만","의리","의리때문","때문","으","으리","리","영화","용서","우리","오늘","유머","의리","영화","으","으리","리","이거","직무","직무유기아닙니","유","기아","닙니","에헴","생각","으","으리","리","작품","우리","오유","으","으리","리","영화","승리","가슴","진심","오유","나름","나름재미있음","재미","있음","뿐","류","류승룡","승","룡","지가","데","남자","날","날리당가","리","당가","의리","으리가없","으리가없노","노","으리가","영화","사나이","으","으리","리","겉보기","수작","의리","의리없노","없노","이거","직무","직무유기","유기","우리","예승","7","7시","시","출신","의리","딸년","의리","혼자","혼자사노","사노","으리가","부족","오유","의리","1","1점","점","0","0점","점","으리가없자","또라이","천지","비들","오유","초","초딩새퀴","딩","새","퀴","으","으리","리","쓰레기","뿐","ㅉ","의리","의리앞","앞","무릎","감성","감성팔","팔","중요","으","으리","리","의리","제로","ㅇ","억지","억지논리","논리","의리","영화","의리","억지","영화","읭","넘","넘약해","약해","거","눈물","시간","공부","하긋","효도","효도르","르","짱","으","으리","리","7","7시으리","시","으","리","으","으리","리","영화","억지","억지눈물","눈물","감성","감성팔","팔","시도","감동","감동영화","영화본연","본연","감정","생각","전","진","저","여자","여자친구","친구","사람","ㅁ","ㅁ리","리","알게됬네","의리","ㅡ","보성","형","보고","핫","핫둘셋넷","둘","셋","넷","하구","하구마이","마이","영웅","뭐","오유","무엇","10","10점","점","영화","테러","이유","뭡","니","정신","정신장애집단","장애","집단","영화","안","홍어","홍어일뿐","일","뿐","의리","재미","영화","영화임","임","별","반개","으","으리","리","무엇","쓰레기","ㄷ","ㄷㄷ","으리가","참","의리","보임","의리","곤","쥐뿔","영화","의리","으","으리","리","의리","시네마","시네마천국","천국","9.31","개티즌","생각","평점","라","억지","전","시네마","시네마천국","천국","9.31","개티즌","생각","평점","라","으","으리","리","영화","ㅉ","시네마","시네마천국","천국","9.31","개티즌","생각","평점","라","의리","죄","죄수놈","수놈","시네마","시네마천국","천국","9.31","개티즌","생각","평점","라","시네마","시네마천국","천국","9.31","개티즌","생각","평점","라","의리","영화","밴","붘","줄","으","으리","리","보성","보성행","행","격","격파로","파로","영화","의리","일렉트릭","쇼","쇼오크","오크","1","예승","세일러","세일러문","문","세일러문가방","가방","만","의리","영화","교도소","어디","으리가","영화","팥","단팥빵","의리","의리","영화","으","으리","리","30","30분쯤","분","쯤","엉덩이","으","으리ㅣ","리","ㅣ","우리","오유","말","스토리","영화","용납","으","으리","리","앞","감성","이도","무","진","다","의리","자네","버렷","버렷능가","능가","진짜","구림","범죄자","감성","감성팔","팔","감동적","범죄자","미화","미화영화","영화","황","인간","길","포기","수용소","그","7","7번방","번","방","피해자","피해자가족","가족","안중","읍서","으","으리","리","저두","왓","왓시유","시유","범죄자","뿐","미화","수록","사회","악","의리","타령","평점","이유","데","초딩","알바","알바색햐","색","햐","도배","뭐","영화","보","난리","답","류","류승룡","승","룡","최고","예상","마음","준비","눈물","교도소","미화","미화영화","영화","사형","사형선고","선고","놈","옹호","영화","영화구","구","엣","엣햄엣햄","햄","교도소","영화","무엇","거","오유","감성","감성팔","팔","따위","사형","사형선고","선고","놈","옹호","영화","영화구","구","엣","엣햄엣햄","햄","감동적","민주화","임","임마","마","으리따윈없는","감성","감성팔","팔","영화","살인자","옹호","영화","평점","9","9점","점","건","한국","거","ㅉ","ㅉㅉ","설날","설날용","용","영화","범죄자","미화","김","김보성","보성","형님","출연","영화","영화다의리","다의","리","의리","1","1점","점","자본주의","이제부","이제부턴","턴","신의","신의리주의","리","주의","시대","의리","의리지수","지수","의리쿠폰","쿠폰","발급","화폐","역할","보통","보통선거","선거","대신","의리선거제도","제도","비례","비례대표제","대표제","의리할당대표제","할당","의리","조카","의리","이것","평점","우리","나라","관객","수준","수준보소","보소","범죄자","미화","고","박","박신혜","신","혜","연기","연기못","못","감동","의리","영화","의리","새끼","말","상황","상황설정","설정","엉터리","감동","유발","나","오","오유인","유인","해","그것","별개","이건","최악","존","존1나의리","1","나의","리","7","7번방","번","방","의리","오늘","유머","대표","한마디","야","기분","현대","현대통령","통령","시절","영화","없엇","디","오유","의리","7","7번방의","번","방의","선물","저","재미","감동","최고","영화","거","앞","감사","오유","만세","7","7번방의","번","방의","선물","말","6","6번방","방","8","8번방도","방도","7번방","뻔","스토리","흥행작","개","요소","박","영화","듯","감동","우리","아부지","이거","의리","내","앞","의리","이름","한","가족","가족영화","영화","최근","사회","사회문제","문제","관련","영화","의리","따름","재미","감동","으","으리","리","눈살","사형수","미화","오유","진지","진지열매","열매","영화","감성","이인","이인거","거","감성","감성팔이","팔","이","의리","시대","위리","으","으리","리","짱","짱짱","으","으리","리","오유","ㅡ","ㅡ2리","2","리","으리가","영화","생각","ㅈ","의리","ㅈ부족히","부족","히","군","저","점수","요","야기","ㅡ","ㅡ2리","2","리","오유","해","ㅉㅉ","일","일베","베","으","으리","리","ㅡ","ㅡ2리","2","리","싸구려","감성","감성팔","팔","영화","의리","으리가","영화","김","김보성","보성","주먹","주먹맛","맛","의리","영화","기대","이하","1","1점","점","의리","영화","사나이","의리","개연성","감성","감성팔","팔","영화","으","으리","리"
